project_id	bug_id	rank_mean_best	rank_min_best	rank_max_best	rank_best_case	Compare_SBFL_Better	Improvement_Case_MEANVSBESTCASE	spectra	tests	fail	pass	1_max	0_from_1_max	1_median	0_from_1_median	1_min	0_from_1_min
Chart	1	42	42	42	36	1	0	7057	428	1	427	629	6428	629	6428	629	6428
Chart	2	50	48	51	89.2	0	0	1328	349	2	347	130	1198	130	1198	129	1199
Chart	3	7	7	7	3.25	1	-6	840	49	1	48	143	697	143	697	143	697
Chart	4	285	280	241	167	1	-1	25163	425	22	403	1569	23594	950	24213	780	24383
Chart	5	5	5	5	5.75	0	6	284	126	1	125	51	233	51	233	51	233
Chart	6	30	29	29	57	0	0	676	479	2	477	127	549	127	549	39	637
Chart	7	80.5	80.5	80.5	61.66666667	1	0	481	15	1	14	123	358	123	358	123	358
Chart	8	15	15	15	9.5	1	-4	195	23	1	22	48	147	48	147	48	147
Chart	9	10	10	10	8.5	1	0	953	32	1	31	194	759	194	759	194	759
Chart	10	1	1	1	2.5	0	0	53	1	1	0	3	50	3	50	3	50
Chart	11	5	5	5	10	0	6	193	264	1	263	20	173	20	173	20	173
Chart	12	312	312	312	19.5	1	-1	4361	200	1	199	535	3826	535	3826	535	3826
Chart	13	21	21	21	44.5	0	0	886	139	1	138	264	622	264	622	264	622
Chart	14	5	5	8	16.2	0	5	6315	491	4	487	397	5918	386	5929	343	5972
Chart	15	16	16	16	31.66666667	0	0	12107	197	1	196	1120	10987	1120	10987	1120	10987
Chart	16	5	5	5	1	1	0	298	21	8	13	37	261	34	264	33	265
Chart	17	5	5	5	2	1	0	1074	49	1	48	99	975	99	975	99	975
Chart	18	3	3	4	4.5	0	0	392	241	4	237	85	307	59	333	29	363
Chart	19	1	1	1	2.333333333	0	0	4493	361	2	359	715	3778	715	3778	709	3784
Chart	20	11	11	11	6	1	-4	517	296	1	295	77	440	77	440	77	440
Chart	21	10	10	10	7.75	1	0	595	13	1	12	131	464	131	464	131	464
Chart	22	5	5	5	47.5	0	5	246	37	6	31	65	181	63	183	51	195
Chart	23	4420.5	4420.5	4420.5	6818.5	0	0	4655	5	1	4	281	4374	281	4374	281	4374
Chart	24	4	4	4	3	1	0	25	10	1	9	11	14	11	14	11	14
Chart	25	3	3	3	3442.25	0	3	10879	9	4	5	3179	7700	3174	7705	3160	7719
Chart	26	51	50	71	138.6666667	0	0	20672	539	22	517	3365	17307	2830	17842	2203	18469
Closure	1	142	142	123	130	1	0	30660	374	8	366	10063	20597	7318	23342	3291	27369
Closure	2	10	10	10	7.5	1	0	18608	6758	1	6757	3881	14727	3881	14727	3881	14727
Closure	3	2384	2384	2384	298.3333333	1	0	20874	358	3	355	4654	16220	4594	16280	4593	16281
Closure	4	2702.5	2702.5	2702.5	205	1	0	19139	6883	3	6880	5038	14101	5004	14135	4998	14141
Closure	5	58	58	58	165	0	0	17672	314	1	313	3612	14060	3612	14060	3612	14060
Closure	6	2	2	2	1	1	0	19060	6674	3	6671	4901	14159	4594	14466	4588	14472
Closure	7	13	12	12	1.5	1	-5	14936	6648	2	6646	2226	12710	2226	12710	1657	13279
Closure	8	1534.5	1534.5	1534.5	128.25	1	-1	16709	282	1	281	2980	13729	2980	13729	2980	13729
Closure	9	1	1	1	1	0	0	4614	117	1	116	35	4579	35	4579	35	4579
Closure	10	1599.5	1599.5	1599.5	163	1	-1	17397	6516	1	6515	3057	14340	3057	14340	3057	14340
Closure	11	2564.5	2564.5	2564.5	708	1	0	18402	6586	2	6584	4830	13572	4830	13572	4816	13586
Closure	12	2337	2337	2337	1153	1	0	20453	351	1	350	4582	15871	4582	15871	4582	15871
Closure	13	4156.5	4156.5	4156.5	6317.5	0	0	27615	608	1	607	8187	19428	8187	19428	8187	19428
Closure	14	96	131	38	1.5	1	-5	20214	3339	3	3336	4844	15370	1520	18694	1512	18702
Closure	15	60.5	60.5	60.5	199.3333333	0	0	19998	333	1	332	4146	15852	4146	15852	4146	15852
Closure	16	170	157.5	169	103.8	1	0	22482	390	2	388	7131	15351	7131	15351	3498	18984
Closure	17	10	10	10	3	1	-6	18240	6539	1	6538	5072	13168	5072	13168	5072	13168
Closure	18	2397	2397	2397	2640	0	0	20040	6541	1	6540	4652	15388	4652	15388	4652	15388
Closure	19	6	6	6	1.5	1	-6	18064	6538	1	6537	3888	14176	3888	14176	3888	14176
Closure	20	1533.5	1533.5	1533.5	20	1	-1	17721	369	1	368	2963	14758	2963	14758	2963	14758
Closure	21	7	7	7	2	1	-6	17270	6529	1	6528	3237	14033	3237	14033	3237	14033
Closure	22	1	1	1	1.5	0	0	17273	6529	1	6528	3237	14036	3237	14036	3237	14036
Closure	23	67	67	67	6	1	-4	17254	372	1	371	2460	14794	2460	14794	2460	14794
Closure	24	3	3	3	1	1	0	15603	380	1	379	2854	12749	2854	12749	2854	12749
Closure	25	71	71	71	111	0	0	17919	2896	1	2895	3961	13958	3961	13958	3961	13958
Closure	26	20	18	24	17.33333333	1	0	28352	6489	7	6482	7918	20434	3045	25307	2991	25361
Closure	27	1	1	1	4	0	0	1138	6849	3	6846	43	1095	41	1097	10	1128
Closure	28	20303	20303	20303	28722.5	0	0	18362	671	2	669	3790	14572	3790	14572	1367	16995
Closure	29	5027	5027	5027	376	1	0	31078	291	5	286	9494	21584	3846	27232	3696	27382
Closure	30	81	75	89	237	0	1	19737	337	3	334	4164	15573	4022	15715	3858	15879
Closure	31	1710.5	1710.5	1710.5	2159.5	0	0	19144	6438	1	6437	3301	15843	3301	15843	3301	15843
Closure	32	72	108	50	25	1	0	19654	5082	4	5078	4287	15367	1157	18497	1141	18513
Closure	33	2802.5	2802.5	2802.5	348.5	1	0	18064	7221	1	7220	5435	12629	5435	12629	5435	12629
Closure	34	28	28	28	7.5	1	-4	3754	4012	1	4011	157	3597	157	3597	157	3597
Closure	35	26	26	26	7	1	-4	18011	2821	1	2820	5276	12735	5276	12735	5276	12735
Closure	36	4903.5	4903.5	4903.5	1145.75	1	0	29936	384	1	383	9702	20234	9702	20234	9702	20234
Closure	37	1205.5	1205.5	1205.5	1106.5	1	0	19038	6543	1	6542	2320	16718	2320	16718	2320	16718
Closure	38	772	772	772	57.5	1	-1	13637	4007	1	4006	1422	12215	1422	12215	1422	12215
Closure	39	4	4	4	6	0	6	3400	7113	2	7111	765	2635	765	2635	757	2643
Closure	40	2824.5	2824.5	2824.5	133.6666667	1	-1	20529	522	2	520	4874	15655	4874	15655	4133	16396
Closure	41	2571	2571	2571	461	1	0	17654	6362	3	6359	4925	12729	4887	12767	4885	12769
Closure	42	11	11	11	1.166666667	1	-5	4172	6252	1	6251	1088	3084	1088	3084	1088	3084
Closure	43	2734	2734	2734	248.5	1	0	17639	6221	2	6219	5211	12428	5211	12428	5171	12468
Closure	44	781	781	781	239	1	0	13081	3831	1	3830	1465	11616	1465	11616	1465	11616
Closure	45	1791	1791	1791	188	1	-1	16358	177	1	176	3475	12883	3475	12883	3475	12883
Closure	46	2	5	2	1	1	0	3515	3217	3	3214	1035	2480	1017	2498	853	2662
Closure	47	2325.5	2325.5	2325.5	290.6666667	1	0	18443	6218	16	6202	3999	14444	3591	14852	3284	15159
Closure	48	178	178	178	159	1	0	16816	6196	1	6195	4745	12071	4745	12071	4745	12071
Closure	49	168	155	99	1209	0	1	18886	1841	66	1775	4568	14318	4082	14804	2956	15930
Closure	50	60	60	64	84	0	0	15933	101	2	99	2774	13159	2774	13159	2724	13209
Closure	51	17	17	17	57.5	0	0	13042	3823	1	3822	1386	11656	1386	11656	1386	11656
Closure	52	7	7	7	15	0	4	13038	3803	1	3802	1460	11578	1460	11578	1460	11578
Closure	53	1642.5	1642.5	1642.5	52.5	1	-1	16247	116	1	115	3201	13046	3201	13046	3201	13046
Closure	54	62	55	71	27	1	0	19685	6965	3	6962	5048	14637	5038	14647	4947	14738
Closure	55	1554	1554	1554	364	1	0	18181	96	1	95	3019	15162	3019	15162	3019	15162
Closure	56	2	8	1	45	0	5	11788	6086	3	6083	1205	10583	1202	10586	813	10975
Closure	57	4	4	4	5	0	0	12122	6063	1	6062	1276	10846	1276	10846	1276	10846
Closure	58	14	14	14	5.5	1	-4	14454	177	1	176	2489	11965	2489	11965	2489	11965
Closure	59	4461	4461	4461	9286	0	0	27197	6042	1	6041	8733	18464	8733	18464	8733	18464
Closure	60	8	14	2	14	0	4	29682	5994	2	5992	7766	21916	7766	21916	1285	28397
Closure	61	1282	1282	1282	86	1	-1	15267	5987	3	5984	2553	12714	2503	12764	2466	12801
Closure	62	1	1	1	3	0	0	171	6023	2	6021	74	97	74	97	74	97
Closure	63	1	1	1	3	0	0	171	6023	2	6021	74	97	74	97	74	97
Closure	64	3113.5	3113.5	3113.5	1531.5	1	0	25026	6004	1	6003	6078	18948	6078	18948	6078	18948
Closure	65	1	1	1	1	0	0	12583	3732	1	3731	1360	11223	1360	11223	1360	11223
Closure	66	1759	1759	1759	301	1	0	16496	5985	2	5983	3373	13123	3373	13123	2946	13550
Closure	67	1597	1597	1597	233.3333333	1	0	15181	134	1	133	3084	12097	3084	12097	3084	12097
Closure	68	7	7	7	3	1	-6	5747	4595	1	4594	1078	4669	1078	4669	1078	4669
Closure	69	140	169	22	224.3333333	0	1	16672	5985	3	5982	4955	11717	4554	12118	4297	12375
Closure	70	2507.5	2507.5	2507.5	431	1	0	17085	5968	5	5963	4488	12597	4266	12819	3869	13216
Closure	71	2375.5	2375.5	2375.5	70	1	-1	16849	5924	2	5922	4461	12388	4461	12388	4204	12645
Closure	72	1826	1826	1826	253.25	1	0	16690	420	1	419	3551	13139	3551	13139	3551	13139
Closure	73	9	9	9	21	0	4	12241	3600	1	3599	1343	10898	1343	10898	1343	10898
Closure	74	59	62	37	39.33333333	1	0	15229	170	3	167	2544	12685	2406	12823	1713	13516
Closure	75	1	1	1	6.5	0	6	14787	5764	1	5763	2399	12388	2399	12388	2399	12388
Closure	76	44	39.5	48	121	0	0	14809	107	4	103	3136	11673	3135	11674	3087	11722
Closure	77	36	36	36	20.5	1	0	12135	3476	1	3475	1288	10847	1288	10847	1288	10847
Closure	78	3	3	3	1.5	1	0	14660	156	1	155	2474	12186	2474	12186	2474	12186
Closure	79	35	44	16	41.66666667	0	0	14717	5675	5	5670	2325	12392	2314	12403	2104	12613
Closure	80	5	4	7	30	0	5	11085	5634	2	5632	1312	9773	1312	9773	1148	9937
Closure	81	16	16	16	20.5	0	0	4450	5697	1	5696	952	3498	952	3498	952	3498
Closure	82	2175.5	2175.5	2175.5	763	1	0	15552	6358	2	6356	4382	11170	4382	11170	692	14860
Closure	83	91.5	91.5	91.5	10	1	-4	22131	53	1	52	179	21952	179	21952	179	21952
Closure	84	9	9	9	36.33333333	0	4	4420	5543	1	5542	963	3457	963	3457	963	3457
Closure	85	69	70	66	173.5	0	0	13600	77	2	75	2590	11010	2590	11010	2539	11061
Closure	86	16	73	13	2	1	-5	17929	5374	7	5367	5741	12188	5584	12345	1021	16908
Closure	87	1293.5	1293.5	1293.5	165.3333333	1	-1	13272	112	1	111	2481	10791	2481	10791	2481	10791
Closure	88	66	56	55	71.5	0	0	23074	92	7	85	6916	16158	2926	20148	2900	20174
Closure	89	67	147.5	55	171.5	0	0	16418	443	8	435	3521	12897	3304	13114	3263	13155
Closure	90	2321	2321	2321	22.5	1	-1	15465	6033	2	6031	4447	11018	4447	11018	4436	11029
Closure	91	1228	1228	1228	319.5	1	0	14271	96	1	95	2343	11928	2343	11928	2343	11928
Closure	92	1314.5	1314.5	1314.5	92.5	1	-1	12632	1807	1	1806	2527	10105	2527	10105	2527	10105
Closure	93	1314	1314	1314	92.5	1	-1	12615	1800	1	1799	2527	10088	2527	10088	2527	10088
Closure	94	8	11	4	1	1	-6	13776	5157	3	5154	2516	11260	2509	11267	1024	12752
Closure	95	2471.5	2471.5	2471.5	1853	1	0	17020	2285	2	2283	4290	12730	4290	12730	4100	12920
Closure	96	37	37	37	23	1	0	15047	5083	1	5082	4019	11028	4019	11028	4019	11028
Closure	97	33.5	33.5	33.5	16.5	1	0	12549	82	1	81	2107	10442	2107	10442	2107	10442
Closure	98	1510.5	1510.5	1510.5	473.5	1	0	14309	373	1	372	2900	11409	2900	11409	2900	11409
Closure	99	43	65	17	14	1	0	12421	75	3	72	2191	10230	1865	10556	1803	10618
Closure	100	41	38	38	41	0	0	12409	71	9	62	1863	10546	1813	10596	1684	10725
Closure	101	2719.5	2719.5	2719.5	3696	0	0	24668	21	1	20	5350	19318	5350	19318	5350	19318
Closure	102	3547	3547	3547	5468.5	0	0	24319	778	1	777	7000	17319	7000	17319	7000	17319
Closure	103	17	17	20	292	0	1	17204	1488	3	1485	4217	12987	2152	15052	1632	15572
Closure	104	9	9	9	6	1	0	2902	4350	1	4349	665	2237	665	2237	665	2237
Closure	105	40.5	40.5	40.5	41.5	0	0	12688	106	1	105	2175	10513	2175	10513	2175	10513
Closure	106	26.5	24	26.5	112	0	0	12412	1209	4	1205	2868	9544	2824	9588	1930	10482
Closure	107	69	69	69	195.5	0	0	34974	115	1	114	5358	29616	5358	29616	5358	29616
Closure	108	53	53	53	269.2857143	0	1	21484	452	1	451	3784	17700	3784	17700	3784	17700
Closure	109	5	5	5	7	0	6	6408	6099	2	6097	1284	5124	1284	5124	1268	5140
Closure	110	34	34	34	2	1	-5	21398	8112	2	8110	3012	18386	3012	18386	2987	18411
Closure	111	4	4	4	1	1	0	16561	2498	1	2497	2366	14195	2366	14195	2366	14195
Closure	112	130	176	65	112	1	0	20294	3222	2	3220	6093	14201	6093	14201	5902	14392
Closure	113	8	8	8	16.5	0	4	17856	2642	1	2641	3009	14847	3009	14847	3009	14847
Closure	114	90	90	90	227	0	1	20270	638	1	637	4127	16143	4127	16143	4127	16143
Closure	115	3	5	7	12	0	5	20760	693	7	686	4990	15770	4648	16112	4094	16666
Closure	116	39	44	46	14	1	0	23321	696	8	688	5663	17658	4647	18674	1536	21785
Closure	117	153	153	153	107	1	0	20248	7149	1	7148	5725	14523	5725	14523	5725	14523
Closure	118	3291.5	3291.5	3291.5	3.5	1	-3	23406	7142	2	7140	6405	17001	6405	17001	6180	17226
Closure	119	22502	22502	22502	32536	0	0	20864	912	1	911	3452	17412	3452	17412	3452	17412
Closure	120	2042.5	2042.5	2042.5	157	1	-1	19349	7134	1	7133	3877	15472	3877	15472	3877	15472
Closure	121	90	90	90	436	0	1	19336	461	1	460	3862	15474	3862	15474	3862	15474
Closure	122	3	3	3	2	1	0	5063	7167	3	7164	1152	3911	1152	3911	1152	3911
Closure	123	98	98	98	50.5	1	0	15501	4492	1	4491	1967	13534	1967	13534	1967	13534
Closure	124	18	18	18	13.33333333	1	0	18361	316	1	315	2938	15423	2938	15423	2938	15423
Closure	125	95	95	95	205.5	0	1	19622	7061	1	7060	5765	13857	5765	13857	5765	13857
Closure	126	1731.5	1731.5	1731.5	24.33333333	1	-1	17191	318	2	316	3307	13884	3307	13884	2995	14196
Closure	127	1979.5	1979.5	1979.5	201.5	1	0	17611	336	6	330	3553	14058	3522	14089	3342	14269
Closure	128	2	2	2	11	0	5	14401	4283	1	4282	1580	12821	1580	12821	1580	12821
Closure	129	3537.5	3537.5	3537.5	4260	0	0	28573	6782	1	6781	6915	21658	6915	21658	6915	21658
Closure	130	2090.5	2090.5	2090.5	606	1	0	20436	577	1	576	4095	16341	4095	16341	4095	16341
Closure	131	94	83	84	143.5	0	0	17181	2987	2	2985	2848	14333	2848	14333	2740	14441
Closure	132	1623.5	1623.5	1623.5	89.5	1	-1	17848	396	1	395	3146	14702	3146	14702	3146	14702
Closure	133	716	716	716	145	1	-1	6176	5493	1	5492	1328	4848	1328	4848	1328	4848
Lang	1	3	3	3	1.75	1	0	1731	88	1	87	38	1693	38	1693	38	1693
Lang	2	16	16	16	16	0	0	93	14	1	13	29	64	29	64	29	64
Lang	3	8	8	8	3	1	-6	1723	87	1	86	56	1667	56	1667	56	1667
Lang	4	13	13	13	2.5	1	-5	63	31	1	30	23	40	23	40	23	40
Lang	5	1	1	1	1	0	0	79	13	1	12	16	63	16	63	16	63
Lang	6	72	72	72	390.5	0	1	2817	130	1	129	130	2687	130	2687	130	2687
Lang	7	22.5	22.5	22.5	83	0	0	1847	82	1	81	217	1630	217	1630	217	1630
Lang	8	11	11	11	8.5	1	-4	658	103	2	101	317	341	317	341	317	341
Lang	9	63	64	62	57.5	1	0	694	115	2	113	211	483	211	483	102	592
Lang	10	43	57	34	67	0	0	700	113	2	111	267	433	267	433	152	548
Lang	11	1	1	1	3.333333333	0	0	55	6	1	5	11	44	11	44	11	44
Lang	12	6	7	6	4.333333333	1	-6	51	5	2	3	17	34	17	34	11	40
Lang	13	3	3	3	2	1	0	70	35	1	34	29	41	29	41	29	41
Lang	14	1	1	1	2.5	0	0	1310	313	1	312	5	1305	5	1305	5	1305
Lang	15	250.5	250.5	250.5	10	1	-2	2173	10	2	8	409	1764	409	1764	209	1964
Lang	16	8	8	8	39	0	4	1786	82	1	81	100	1686	100	1686	100	1686
Lang	17	19	19	19	397.75	0	1	1255	36	1	35	131	1124	131	1124	131	1124
Lang	18	46	46	46	50.5	0	0	518	48	1	47	276	242	276	242	276	242
Lang	19	6	5	6	5.5	1	0	63	23	2	21	24	39	24	39	20	43
Lang	20	4	4	4	8	0	6	1283	235	2	233	34	1249	34	1249	33	1250
Lang	21	1	1	1	5	0	0	310	109	1	108	4	306	4	306	4	306
Lang	22	26	26	27	27	0	0	261	25	2	23	53	208	53	208	52	209
Lang	23	26	26	26	634.5	0	1	417	8	1	7	135	282	135	282	135	282
Lang	24	111	111	111	36.5	1	0	1596	57	1	56	160	1436	160	1436	160	1436
Lang	25	9	9	9	10.4137931	0	4	26	23	1	22	16	10	16	10	16	10
Lang	26	11	11	11	8	1	-4	455	47	1	46	130	325	130	325	130	325
Lang	27	24	24	24	135.3333333	0	0	1722	57	1	56	216	1506	216	1506	216	1506
Lang	28	1	1	1	1.666666667	0	0	56	20	1	19	31	25	31	25	31	25
Lang	29	1049	1049	1049	1577	0	0	1167	423	1	422	136	1031	136	1031	136	1031
Lang	30	2	2	2	1.8	1	0	2203	413	10	403	36	2167	30	2173	7	2196
Lang	31	5	5	5	2.25	1	0	2192	402	2	400	32	2160	32	2160	30	2162
Lang	32	4	4	4	14.2	0	5	1217	45	1	44	77	1140	77	1140	77	1140
Lang	33	1346.5	1346.5	1346.5	4.5	1	-3	1331	113	1	112	59	1272	59	1272	59	1272
Lang	34	64	62	74	54	1	0	881	152	27	125	351	530	306	575	283	598
Lang	35	1	1	1	1.5	0	0	964	331	1	330	27	937	27	937	27	937
Lang	36	161.5	161.5	161.5	48.5	1	0	1634	65	2	63	195	1439	195	1439	155	1479
Lang	37	4	4	4	2.666666667	1	0	951	314	1	313	26	925	26	925	26	925
Lang	38	4	4	4	2.5	1	0	535	45	1	44	161	374	161	374	161	374
Lang	39	35.5	35.5	35.5	20.33333333	1	0	1113	198	1	197	51	1062	51	1062	51	1062
Lang	40	2	2	2	1.5	1	0	1083	196	1	195	4	1079	4	1079	4	1079
Lang	41	6	6	6	6	0	0	255	78	2	76	43	212	43	212	39	216
Lang	42	3	3	3	13	0	5	557	54	1	53	145	412	145	412	145	412
Lang	43	3	3	3	2.333333333	1	0	303	7	1	6	27	276	27	276	27	276
Lang	44	5	5	5	5	0	0	189	20	1	19	22	167	22	167	22	167
Lang	45	1	1	1	8	0	6	1245	81	1	80	24	1221	24	1221	24	1221
Lang	46	1	1	1	1.333333333	0	0	256	19	1	18	22	234	22	234	22	234
Lang	47	19.5	19.5	19.5	2.666666667	1	-5	1002	206	2	204	35	967	35	967	35	967
Lang	48	2	2	2	2	0	0	227	63	1	62	12	215	12	215	12	215
Lang	49	2	2	2	2.5	0	0	259	25	1	24	46	213	46	213	46	213
Lang	50	12	12	12	21.14285714	0	0	457	21	2	19	188	269	188	269	148	309
Lang	51	2	2	2	10.66666667	0	5	161	52	1	51	19	142	19	142	19	142
Lang	52	16	16	16	16.66666667	0	0	210	14	1	13	27	183	27	183	27	183
Lang	53	13	13	13	13.4	0	0	208	22	1	21	40	168	40	168	40	168
Lang	54	1	1	1	2.25	0	0	76	12	1	11	19	57	19	57	19	57
Lang	55	9	9	9	7	1	0	57	6	1	5	22	35	22	35	22	35
Lang	56	81.5	81.5	81.5	774	0	1	535	19	1	18	138	397	138	397	138	397
Lang	57	1	1	1	3.5	0	0	191	11	11	0	6	185	6	185	6	185
Lang	58	27	27	27	11	1	0	1336	74	1	73	54	1282	54	1282	54	1282
Lang	59	1	1	1	3.5	0	0	902	182	1	181	12	890	12	890	12	890
Lang	60	6	6	6	2.5	1	-6	961	185	1	184	64	897	64	897	64	897
Lang	61	27	26	27	7	1	-4	961	184	2	182	61	900	61	900	60	901
Lang	62	6	6	6	3.5	1	-6	336	42	1	41	101	235	101	235	101	235
Lang	63	2	2	2	1.333333333	1	0	1145	12	1	11	115	1030	115	1030	115	1030
Lang	64	1	1	1	1	0	0	1191	73	1	72	42	1149	42	1149	42	1149
Lang	65	4	4	4	7.428571429	0	6	186	21	1	20	23	163	23	163	23	163
Math	1	5	4	6	15.66666667	0	5	2539	305	2	303	456	2083	456	2083	434	2105
Math	2	93.5	93.5	93.5	47.5	1	0	2069	16	1	15	138	1931	138	1931	138	1931
Math	3	7	7	7	7.333333333	0	0	503	1065	1	1064	18	485	18	485	18	485
Math	4	2	2	2	4.4	0	0	3149	52	2	50	190	2959	190	2959	183	2966
Math	5	2	2	2	1.5	1	0	231	241	1	240	20	211	20	211	20	211
Math	6	253	244	285	115	1	-1	9146	228	28	200	1221	7925	1213	7933	313	8833
Math	7	46	46	46	41	1	0	2921	168	1	167	986	1935	986	1935	986	1935
Math	8	3	3	3	3.5	0	0	973	22	1	21	125	848	125	848	125	848
Math	9	3	3	3	2.5	1	0	2161	35	1	34	113	2048	113	2048	113	2048
Math	10	11	11	11	11	0	0	2285	351	1	350	341	1944	341	1944	341	1944
Math	11	300.5	300.5	300.5	95.5	1	-1	7036	10	1	9	574	6462	574	6462	574	6462
Math	12	5389.5	5389.5	5389.5	9498	0	0	2391	656	3	653	386	2005	323	2068	288	2103
Math	13	133	133	133	197.5	0	0	7555	88	1	87	206	7349	206	7349	206	7349
Math	14	43	43	43	99	0	0	6616	92	1	91	167	6449	167	6449	167	6449
Math	15	2	2	2	43	0	5	2863	2792	1	2791	796	2067	796	2067	796	2067
Math	16	4	4	4	1.5	1	0	2850	2790	2	2788	704	2146	704	2146	703	2147
Math	17	386	386	386	90	1	-1	1206	81	1	80	717	489	717	489	717	489
Math	18	3	3	3	20.33333333	0	5	7205	26	1	25	1111	6094	1111	6094	1111	6094
Math	19	366	366	366	63	1	-1	2814	25	1	24	668	2146	668	2146	668	2146
Math	20	575.5	575.5	575.5	3676	0	0	7172	24	1	23	1064	6108	1064	6108	1064	6108
Math	21	6	6	6	42.91666667	0	4	5390	24	2	22	214	5176	214	5176	209	5181
Math	22	1	1	1	1	0	0	2310	87	2	85	278	2032	278	2032	66	2244
Math	23	41	41	41	151	0	0	2353	17	1	16	304	2049	304	2049	304	2049
Math	24	71	71	71	152.5	0	0	2347	16	1	15	311	2036	311	2036	311	2036
Math	25	2	2	2	1.5	1	0	548	7	1	6	72	476	72	476	72	476
Math	26	24	24	24	33	0	0	2356	209	1	208	448	1908	448	1908	448	1908
Math	27	2	2	2	1	1	0	1945	209	1	208	66	1879	66	1879	66	1879
Math	28	22	22	22	18	1	0	5934	26	1	25	412	5522	412	5522	412	5522
Math	29	2	2	3	2.333333333	0	0	3407	76	3	73	199	3208	198	3209	198	3209
Math	30	24.5	24.5	24.5	55	0	0	2708	3	1	2	349	2359	349	2359	349	2359
Math	31	99	105	81	123.3333333	0	0	3033	311	2	309	447	2586	447	2586	361	2672
Math	32	64.5	64.5	64.5	6	1	-4	3930	23	1	22	1405	2525	1405	2525	1405	2525
Math	33	51	51	51	44	1	0	5756	28	1	27	406	5350	406	5350	406	5350
Math	34	1	1	1	2	0	0	188	24	1	23	33	155	33	155	33	155
Math	35	6	6	6	6	0	0	517	12	4	8	10	507	10	507	9	508
Math	36	1	1	1	1	0	0	643	88	2	86	356	287	356	287	356	287
Math	37	1	1	1	13.1	0	5	1745	287	4	283	256	1489	251	1494	157	1588
Math	38	2	2	2	6.5	0	6	5094	17	1	16	291	4803	291	4803	291	4803
Math	39	289	289	289	193.6666667	1	-1	2460	69	1	68	513	1947	513	1947	513	1947
Math	40	126.5	126.5	126.5	34	1	0	2014	89	1	88	183	1831	183	1831	183	1831
Math	41	14	14	14	27.5	0	0	1875	221	1	220	116	1759	116	1759	116	1759
Math	42	67	67	67	56.33333333	1	0	5779	27	1	26	376	5403	376	5403	376	5403
Math	43	105	110	96	50	1	0	2301	78	6	72	278	2023	267	2034	238	2063
Math	44	13	13	13	11.66666667	1	0	2894	162	1	161	817	2077	817	2077	817	2077
Math	45	1	1	1	1.2	0	0	1546	433	1	432	10	1536	10	1536	10	1536
Math	46	3	8	1	1	1	0	2678	190	2	188	346	2332	346	2332	25	2653
Math	47	3	2	1	2	1	0	2677	190	2	188	397	2280	397	2280	26	2651
Math	48	412.5	412.5	412.5	357	1	0	3169	36	1	35	742	2427	742	2427	742	2427
Math	49	5	5	5	7	0	6	3245	35	1	34	424	2821	424	2821	424	2821
Math	50	1	1	1	1	0	0	3152	36	1	35	392	2760	392	2760	392	2760
Math	51	29	29	29	29.66666667	0	0	2754	36	1	35	409	2345	409	2345	409	2345
Math	52	9	9	9	17.5	0	4	2948	28	1	27	412	2536	412	2536	412	2536
Math	53	2	2	2	1	1	0	789	167	1	166	20	769	20	769	20	769
Math	54	11	11	11	19	0	0	2897	63	1	62	672	2225	672	2225	672	2225
Math	55	1	1	1	1	0	0	2051	88	1	87	36	2015	36	2015	36	2015
Math	56	4.5	4.5	4.5	4	1	0	2514	5	1	4	352	2162	352	2162	352	2162
Math	57	8	8	8	9	0	0	2603	4	1	3	362	2241	362	2241	362	2241
Math	58	629	629	629	843.5	0	0	2841	8	1	7	1183	1658	1183	1658	1183	1658
Math	59	1	1	1	1.5	0	0	2881	1513	1	1512	921	1960	921	1960	921	1960
Math	60	17	17	17	40.5	0	0	2087	26	1	25	479	1608	479	1608	479	1608
Math	61	331	331	331	5	1	-3	2321	12	1	11	599	1722	599	1722	599	1722
Math	62	234.5	234.5	234.5	108	1	-1	2247	2	1	1	468	1779	468	1779	468	1779
Math	63	1	1	1	4.5	0	0	1773	760	1	759	10	1763	10	1763	10	1763
Math	64	16	16	16	38	0	0	656	54	2	52	381	275	381	275	380	276
Math	65	70	70	70	25	1	0	3680	75	1	74	414	3266	414	3266	414	3266
Math	66	384.5	384.5	384.5	16.85714286	1	-1	1781	10	4	6	439	1342	368	1413	164	1617
Math	67	242.5	242.5	242.5	143	1	-1	682	2	1	1	429	253	429	253	429	253
Math	68	224	224	224	130	1	-1	620	44	2	42	376	244	376	244	375	245
Math	69	154.5	154.5	154.5	46	1	0	3360	15	2	13	254	3106	254	3106	254	3106
Math	70	1	1	1	1	0	0	181	16	1	15	30	151	30	151	30	151
Math	71	2	2	2	1	1	0	1108	114	2	112	424	684	424	684	349	759
Math	72	8	8	8	2.5	1	-6	227	152	1	151	65	162	65	162	65	162
Math	73	12	12	12	2.5	1	-5	306	166	1	165	93	213	93	213	93	213
Math	74	603	603	603	912.3333333	0	0	4661	56	1	55	1101	3560	1101	3560	1101	3560
Math	75	1	1	1	1.5	0	0	131	8	1	7	53	78	53	78	53	78
Math	76	1	1	1	75.25	0	5	5117	17	2	15	539	4578	539	4578	512	4605
Math	77	19	19	19	3.375	1	-5	4643	346	2	344	103	4540	103	4540	35	4608
Math	78	46	46	46	107	0	0	476	116	1	115	178	298	178	298	178	298
Math	79	12	12	12	31	0	0	491	409	1	408	40	451	40	451	40	451
Math	80	69	69	69	18	1	0	4447	36	1	35	620	3827	620	3827	620	3827
Math	81	46	46	46	8	1	-4	4446	35	1	34	459	3987	459	3987	459	3987
Math	82	138	138	138	157.5	0	0	2019	14	1	13	252	1767	252	1767	252	1767
Math	83	69	69	69	21	1	0	2018	17	1	16	274	1744	274	1744	274	1744
Math	84	14	13	13	24.5	0	0	251	5	2	3	124	127	124	127	119	132
Math	85	79	79	79	86	0	0	467	92	1	91	111	356	111	356	111	356
Math	86	44	50	40	75	0	0	1492	12	2	10	194	1298	194	1298	92	1400
Math	87	37.5	37.5	37.5	120.3333333	0	0	2010	16	1	15	253	1757	253	1757	253	1757
Math	88	1	1	1	1	0	0	2010	15	1	14	267	1743	267	1743	267	1743
Math	89	1	1	1	1	0	0	108	7	1	6	4	104	4	104	4	104
Math	90	5	5	5	3.333333333	1	0	106	7	1	6	8	98	8	98	8	98
Math	91	1	1	1	1.333333333	0	0	471	56	1	55	39	432	39	432	39	432
Math	92	1	1	1	1.5	0	0	227	203	1	202	28	199	28	199	28	199
Math	93	2	2	2	2	0	0	222	202	1	201	11	211	11	211	11	211
Math	94	11	11	11	13.5	0	0	221	202	1	201	21	200	21	200	21	200
Math	95	5	5	5	8.666666667	0	6	451	22	1	21	96	355	96	355	96	355
Math	96	6	6	6	8.5	0	0	128	149	1	148	24	104	24	104	24	104
Math	97	1	1	1	1.5	0	0	218	59	1	58	48	170	48	170	48	170
Math	98	3	3	3	6.666666667	0	6	919	113	2	111	32	887	32	887	28	891
Math	99	1	1	1	1.666666667	0	0	325	290	2	288	30	295	30	295	24	301
Math	100	5	5	5	11.5	0	5	631	48	1	47	232	399	232	399	232	399
Math	101	15	15	15	9.5	1	-4	140	70	2	68	63	77	63	77	63	77
Math	102	2	2	2	3.75	0	0	929	30	6	24	194	735	124	805	79	850
Math	103	30	30	30	35.33333333	0	0	238	20	1	19	75	163	75	163	75	163
Math	104	5	5	5	257.5	0	3	169	91	1	90	62	107	62	107	62	107
Math	105	13	13	13	13	0	0	68	9	1	8	25	43	25	43	25	43
Math	106	8	8	8	3.75	1	-6	187	16	1	15	72	115	72	115	72	115
Mockito	1	1	1	1	1.5	0	0	2802	964	26	938	874	1928	796	2006	631	2171
Mockito	2	16	16	16	1.666666667	1	-5	1400	30	3	27	230	1170	99	1301	99	1301
Mockito	3	3	13	3	1	1	0	3352	965	9	956	842	2510	828	2524	745	2607
Mockito	4	3306.5	3306.5	3306.5	1214	1	0	2214	1311	4	1307	642	1572	633	1581	498	1716
Mockito	5	5287.5	5287.5	5287.5	2448.5	1	0	4252	25	1	24	142	4110	142	4110	142	4110
Mockito	6	2	1	2	2	0	0	2500	1089	7	1082	868	1632	856	1644	856	1644
Mockito	7	37	37	37	48	0	0	1876	47	1	46	646	1230	646	1230	646	1230
Mockito	8	210	210	210	276.5	0	0	193	46	1	45	60	133	60	133	60	133
Mockito	9	3328.5	3328.5	3328.5	1685.5	1	0	2268	1104	3	1101	612	1656	609	1659	606	1662
Mockito	10	9	9	9	21	0	4	1800	1075	1	1074	510	1290	510	1290	510	1290
Mockito	11	1	1	1	1	0	0	953	902	2	900	239	714	239	714	239	714
Mockito	12	69	267	39	1.5	1	-5	1565	20	10	10	279	1286	140	1425	3	1562
Mockito	13	83	83	83	85.5	0	0	1622	746	1	745	625	997	625	997	625	997
Mockito	14	370	370	370	98	1	-1	1439	732	1	731	626	813	626	813	626	813
Mockito	15	276.5	276.5	276.5	164	1	-1	1243	23	1	22	475	768	475	768	475	768
Mockito	16	4	4	4	5.5	0	6	1209	653	1	652	458	751	458	751	458	751
Mockito	17	2	2	2	4	0	0	1022	656	1	655	213	809	213	809	213	809
Mockito	18	1	1	1	1	0	0	1021	1111	1	1110	303	718	303	718	303	718
Mockito	19	2597	2597	2597	15	1	-1	1781	1181	1	1180	853	928	853	928	853	928
Mockito	20	252	257	217	111	1	-1	2347	1303	8	1295	931	1416	603	1744	489	1858
Mockito	21	2	2	2	2	0	0	940	17	1	16	224	716	224	716	224	716
Mockito	22	9	9	9	12	0	4	931	567	1	566	211	720	211	720	211	720
Mockito	23	319.5	319.5	319.5	14.5	1	-1	1925	1044	1	1043	679	1246	679	1246	679	1246
Mockito	24	1	1	1	1	0	0	3394	1053	2	1051	651	2743	651	2743	598	2796
Mockito	25	56	50	58	62.2	0	0	3296	1031	6	1025	616	2680	571	2725	546	2750
Mockito	26	96	133	41	103	0	0	3048	783	5	778	667	2381	487	2561	34	3014
Mockito	27	3	3	3	16.33333333	0	5	1513	1075	2	1073	577	936	577	936	236	1277
Mockito	28	316	316	316	243	1	0	1267	28	1	27	559	708	559	708	559	708
Mockito	29	2434	2434	2434	1268	1	0	1620	58	1	57	638	982	638	982	638	982
Mockito	30	6	6	6	3	1	-6	780	982	1	981	277	503	277	503	277	503
Mockito	31	1	1	1	2	0	0	765	782	1	781	238	527	238	527	238	527
Mockito	32	348.5	348.5	348.5	2	1	-3	1562	955	1	954	688	874	688	874	688	874
Mockito	33	126	144	84	85.5	1	0	1525	690	2	688	622	903	622	903	513	1012
Mockito	34	73	112	42	50	1	0	2113	611	2	609	541	1572	541	1572	430	1683
Mockito	35	9	6	9	1	1	-6	1374	632	4	628	427	947	426	948	423	951
Mockito	36	2845.5	2845.5	2845.5	1395	1	0	2035	804	2	802	516	1519	516	1519	251	1784
Mockito	37	11	12	10	3	1	-5	1235	303	2	301	459	776	459	776	257	978
Mockito	38	2049	2049	2049	1081.5	1	0	1371	102	2	100	578	793	578	793	79	1292
Time	1	4	4	4	3.333333333	1	0	3959	3946	1	3945	1002	2957	1002	2957	1002	2957
Time	2	6	6	6	4	1	-6	5718	3946	1	3945	1700	4018	1700	4018	1700	4018
Time	3	1	1	1	1	0	0	5916	1307	5	1302	1799	4117	1795	4121	1793	4123
Time	4	16	16	16	25.5	0	0	7558	770	1	769	1706	5852	1706	5852	1706	5852
Time	5	2	2	2	2	0	0	4375	1887	3	1884	1203	3172	1023	3352	1023	3352
Time	6	5	8	5	1.666666667	1	0	5036	2600	5	2595	1180	3856	1149	3887	1128	3908
Time	7	48	47	49	13	1	0	7109	2703	2	2701	1969	5140	1969	5140	1942	5167
Time	8	10	10	10	26.5	0	4	3569	3883	1	3882	461	3108	461	3108	461	3108
Time	9	5	5	5	3	1	0	3565	3883	1	3882	462	3103	462	3103	462	3103
Time	10	861.5	861.5	861.5	210.3333333	1	0	7227	371	2	369	1583	5644	1583	5644	1567	5660
Time	11	663.5	663.5	663.5	458.5	1	0	4794	8	1	7	1260	3534	1260	3534	1260	3534
Time	12	1	1	1	22	0	5	5569	1674	8	1666	1500	4069	1497	4072	1443	4126
Time	13	13	13	13	21	0	0	5163	971	1	970	1328	3835	1328	3835	1328	3835
Time	14	8	10	8	5	1	-6	6990	3816	8	3808	2006	4984	1914	5076	1902	5088
Time	15	1	1	1	2	0	0	175	2725	1	2724	7	168	7	168	7	168
Time	16	1	1	1	8	0	6	7015	2596	7	2589	2161	4854	2024	4991	2020	4995
Time	17	1	1	1	1.666666667	0	0	3981	3800	1	3799	1058	2923	1058	2923	1058	2923
Time	18	11	11	11	3	1	-5	4373	2485	1	2484	1093	3280	1093	3280	1093	3280
Time	19	785.5	785.5	785.5	206	1	0	5707	3790	1	3789	1407	4300	1407	4300	1407	4300
Time	20	5	5	5	4.4	1	0	5748	2575	1	2574	1348	4400	1348	4400	1348	4400
Time	21	2	2	2	3	0	0	3578	3783	2	3781	1014	2564	1014	2564	1014	2564
Time	22	10	10	11	4.5	1	-6	4641	1814	2	1812	1048	3593	1048	3593	1040	3601
Time	23	1	1	1	3.314285714	0	0	1584	3572	1	3571	260	1324	260	1324	260	1324
Time	24	1110	1110	1110	670	1	0	7512	1038	7	1031	2034	5478	2030	5482	2023	5489
Time	25	96	67	109	226	0	1	5606	3729	3	3726	1426	4180	1420	4186	1418	4188
Time	26	73	105	80	612.5	0	1	6641	3763	8	3755	1894	4747	1890	4751	1306	5335
Time	27	759	759	759	381	1	0	5947	738	1	737	1380	4567	1380	4567	1380	4567