project_id	bug_id	rank_mean_best	rank_min_best	rank_max_best	rank_mean_average	rank_min_average	rank_max_average	rank_mean_worst	rank_min_worst	rank_max_worst	exam_mean_best	exam_min_best	exam_max_best	exam_mean_average	exam_min_average	exam_max_average	exam_mean_worst	exam_min_worst	exam_max_worst
Chart	1	42.0	42.0	42.0	42.0	42.0	42.0	42.0	42.0	42.0	0.0031652724395206874	0.0031652724395206874	0.0031652724395206874	0.0031652724395206874	0.0031652724395206874	0.0031652724395206874	0.0031652724395206874	0.0031652724395206874	0.0031652724395206874
Chart	10	1.0	1.0	1.0	1.0	1.0	1.0	1.0	1.0	1.0	0.0070921985815602835	0.0070921985815602835	0.0070921985815602835	0.0070921985815602835	0.0070921985815602835	0.0070921985815602835	0.0070921985815602835	0.0070921985815602835	0.0070921985815602835
Chart	11	5.0	5.0	5.0	5.0	5.0	5.0	5.0	5.0	5.0	0.016556291390728478	0.016556291390728478	0.016556291390728478	0.016556291390728478	0.016556291390728478	0.016556291390728478	0.016556291390728478	0.016556291390728478	0.016556291390728478
Chart	12	312.0	312.0	312.0	312.0	312.0	312.0	312.0	312.0	312.0	0.034875922199865864	0.034875922199865864	0.034875922199865864	0.034875922199865864	0.034875922199865864	0.034875922199865864	0.034875922199865864	0.034875922199865864	0.034875922199865864
Chart	13	21.0	21.0	21.0	21.0	21.0	21.0	21.0	21.0	21.0	0.012188044109112013	0.012188044109112013	0.012188044109112013	0.012188044109112013	0.012188044109112013	0.012188044109112013	0.012188044109112013	0.012188044109112013	0.012188044109112013
Chart	14	5.0	5.0	8.0	25.0	20.0	29.0	335.5	335.5	335.5	0.00043099732781656753	0.00043099732781656753	0.000689595724506508	0.0021549866390828377	0.0017239893112662701	0.0024997845013360917	0.028919920696491682	0.028919920696491682	0.028919920696491682
Chart	15	16.0	16.0	16.0	16.0	16.0	16.0	6614.0	6614.0	6614.0	0.0006914732702363975	0.0006914732702363975	0.0006914732702363975	0.0006914732702363975	0.0006914732702363975	0.0006914732702363975	0.2858377630839708	0.2858377630839708	0.2858377630839708
Chart	16	5.0	5.0	5.0	12.0	12.0	11.0	14.0	14.0	13.0	0.007621951219512195	0.007621951219512195	0.007621951219512195	0.018292682926829267	0.018292682926829267	0.01676829268292683	0.021341463414634148	0.021341463414634148	0.019817073170731708
Chart	17	5.0	5.0	5.0	5.0	5.0	5.0	5.0	5.0	5.0	0.002300966405890474	0.002300966405890474	0.002300966405890474	0.002300966405890474	0.002300966405890474	0.002300966405890474	0.002300966405890474	0.002300966405890474	0.002300966405890474
Chart	18	3.0	3.0	4.0	9.0	8.0	7.0	17.0	14.0	16.0	0.004005340453938585	0.004005340453938585	0.0053404539385847796	0.012016021361815754	0.010680907877169559	0.009345794392523364	0.022696929238985315	0.018691588785046728	0.021361815754339118
Chart	19	1.0	1.0	1.0	24.0	23.0	25.0	24.0	23.0	25.0	0.00011810558639423645	0.00011810558639423645	0.00011810558639423645	0.0028345340734616748	0.0027164284870674384	0.002952639659855911	0.0028345340734616748	0.0027164284870674384	0.002952639659855911
Chart	2	50.0	48.0	51.0	115.5	115.5	115.5	1338.5	1338.5	1338.5	0.019880715705765408	0.019085487077534793	0.020278330019880716	0.04592445328031809	0.04592445328031809	0.04592445328031809	0.53220675944334	0.53220675944334	0.53220675944334
Chart	20	11.0	11.0	11.0	11.0	11.0	11.0	11.0	11.0	11.0	0.011351909184726523	0.011351909184726523	0.011351909184726523	0.011351909184726523	0.011351909184726523	0.011351909184726523	0.011351909184726523	0.011351909184726523	0.011351909184726523
Chart	21	10.0	10.0	10.0	82.5	82.5	82.5	82.5	82.5	82.5	0.008431703204047217	0.008431703204047217	0.008431703204047217	0.06956155143338955	0.06956155143338955	0.06956155143338955	0.06956155143338955	0.06956155143338955	0.06956155143338955
Chart	22	5.0	5.0	5.0	10.0	9.0	11.0	78.5	78.5	78.5	0.011904761904761904	0.011904761904761904	0.011904761904761904	0.023809523809523808	0.02142857142857143	0.02619047619047619	0.1869047619047619	0.1869047619047619	0.1869047619047619
Chart	23	4420.5	4420.5	4420.5	4420.5	4420.5	4420.5	4420.5	4420.5	4420.5	0.5164135514018692	0.5164135514018692	0.5164135514018692	0.5164135514018692	0.5164135514018692	0.5164135514018692	0.5164135514018692	0.5164135514018692	0.5164135514018692
Chart	24	4.0	4.0	4.0	4.0	4.0	4.0	4.0	4.0	4.0	0.06153846153846154	0.06153846153846154	0.06153846153846154	0.06153846153846154	0.06153846153846154	0.06153846153846154	0.06153846153846154	0.06153846153846154	0.06153846153846154
Chart	25	3.0	3.0	3.0	1731.5	1731.5	1731.5	1731.5	1731.5	1731.5	0.00013986013986013986	0.00013986013986013986	0.00013986013986013986	0.08072261072261072	0.08072261072261072	0.08072261072261072	0.08072261072261072	0.08072261072261072	0.08072261072261072
Chart	26	51.0	50.0	71.0	51.0	50.0	71.0	51.0	50.0	71.0	0.0012888877656751496	0.0012636154565442645	0.0017943339482928554	0.0012888877656751496	0.0012636154565442645	0.0017943339482928554	0.0012888877656751496	0.0012636154565442645	0.0017943339482928554
Chart	3	7.0	7.0	7.0	7.0	7.0	7.0	7.0	7.0	7.0	0.004455760661998727	0.004455760661998727	0.004455760661998727	0.004455760661998727	0.004455760661998727	0.004455760661998727	0.004455760661998727	0.004455760661998727	0.004455760661998727
Chart	4	285.0	280.0	241.0	285.0	280.0	241.0	285.0	280.0	241.0	0.006096126286068747	0.005989176702102629	0.005154969947166905	0.006096126286068747	0.005989176702102629	0.005154969947166905	0.006096126286068747	0.005989176702102629	0.005154969947166905
Chart	5	5.0	5.0	5.0	8.0	8.0	8.0	8.0	8.0	8.0	0.009541984732824428	0.009541984732824428	0.009541984732824428	0.015267175572519083	0.015267175572519083	0.015267175572519083	0.015267175572519083	0.015267175572519083	0.015267175572519083
Chart	6	30.0	29.0	29.0	30.0	29.0	29.0	30.0	29.0	29.0	0.027573529411764705	0.02665441176470588	0.02665441176470588	0.027573529411764705	0.02665441176470588	0.02665441176470588	0.027573529411764705	0.02665441176470588	0.02665441176470588
Chart	7	80.5	80.5	80.5	80.5	80.5	80.5	80.5	80.5	80.5	0.08572949946751864	0.08572949946751864	0.08572949946751864	0.08572949946751864	0.08572949946751864	0.08572949946751864	0.08572949946751864	0.08572949946751864	0.08572949946751864
Chart	8	15.0	15.0	15.0	15.0	15.0	15.0	15.0	15.0	15.0	0.03937007874015748	0.03937007874015748	0.03937007874015748	0.03937007874015748	0.03937007874015748	0.03937007874015748	0.03937007874015748	0.03937007874015748	0.03937007874015748
Chart	9	10.0	10.0	10.0	10.0	10.0	10.0	10.0	10.0	10.0	0.0051813471502590676	0.0051813471502590676	0.0051813471502590676	0.0051813471502590676	0.0051813471502590676	0.0051813471502590676	0.0051813471502590676	0.0051813471502590676	0.0051813471502590676
Closure	1	142.0	142.0	123.0	142.0	142.0	123.0	142.0	142.0	123.0	0.0023914581158004647	0.0023914581158004647	0.002071474283404628	0.0023914581158004647	0.0023914581158004647	0.002071474283404628	0.0023914581158004647	0.0023914581158004647	0.002071474283404628
Closure	10	1599.5	1599.5	1599.5	1599.5	1599.5	1599.5	1599.5	1599.5	1599.5	0.045777167224750295	0.045777167224750295	0.045777167224750295	0.045777167224750295	0.045777167224750295	0.045777167224750295	0.045777167224750295	0.045777167224750295	0.045777167224750295
Closure	100	41.0	38.0	38.0	13357.0	13357.0	13357.0	13357.0	13357.0	13357.0	0.001651893634165995	0.0015310233682514101	0.0015310233682514101	0.5381547139403706	0.5381547139403706	0.5381547139403706	0.5381547139403706	0.5381547139403706	0.5381547139403706
Closure	101	2719.5	2719.5	2719.5	2719.5	2719.5	2719.5	2719.5	2719.5	2719.5	0.05775356778797146	0.05775356778797146	0.05775356778797146	0.05775356778797146	0.05775356778797146	0.05775356778797146	0.05775356778797146	0.05775356778797146	0.05775356778797146
Closure	102	3547.0	3547.0	3547.0	3547.0	3547.0	3547.0	3547.0	3547.0	3547.0	0.0763600353060214	0.0763600353060214	0.0763600353060214	0.0763600353060214	0.0763600353060214	0.0763600353060214	0.0763600353060214	0.0763600353060214	0.0763600353060214
Closure	103	17.0	17.0	20.0	17.0	17.0	20.0	2379.5	2379.5	2379.5	0.0005048255382331106	0.0005048255382331106	0.0005939123979213066	0.0005048255382331106	0.0005048255382331106	0.0005939123979213066	0.07066072754268746	0.07066072754268746	0.07066072754268746
Closure	104	9.0	9.0	9.0	9.0	9.0	9.0	9.0	9.0	9.0	0.0014932802389248383	0.0014932802389248383	0.0014932802389248383	0.0014932802389248383	0.0014932802389248383	0.0014932802389248383	0.0014932802389248383	0.0014932802389248383	0.0014932802389248383
Closure	105	40.5	40.5	40.5	1139.0	1139.0	1139.0	1139.0	1139.0	1139.0	0.0016229862947823995	0.0016229862947823995	0.0016229862947823995	0.04564398493227539	0.04564398493227539	0.04564398493227539	0.04564398493227539	0.04564398493227539	0.04564398493227539
Closure	106	26.5	24.0	26.5	26.5	24.0	26.5	1599.5	1599.5	1599.5	0.0010830915110148364	0.0009809130665794745	0.0010830915110148364	0.0010830915110148364	0.0009809130665794745	0.0010830915110148364	0.06537376874974456	0.06537376874974456	0.06537376874974456
Closure	107	69.0	69.0	69.0	69.0	69.0	69.0	69.0	69.0	69.0	0.001031405551652491	0.001031405551652491	0.001031405551652491	0.001031405551652491	0.001031405551652491	0.001031405551652491	0.001031405551652491	0.001031405551652491	0.001031405551652491
Closure	108	53.0	53.0	53.0	1957.0	1957.0	1957.0	23244.0	23244.0	23244.0	0.0012411015361558637	0.0012411015361558637	0.0012411015361558637	0.04582708879730236	0.04582708879730236	0.04582708879730236	0.5443049831397527	0.5443049831397527	0.5443049831397527
Closure	109	5.0	5.0	5.0	5.0	5.0	5.0	5.0	5.0	5.0	0.0003896205096236266	0.0003896205096236266	0.0003896205096236266	0.0003896205096236266	0.0003896205096236266	0.0003896205096236266	0.0003896205096236266	0.0003896205096236266	0.0003896205096236266
Closure	11	2564.5	2564.5	2564.5	2564.5	2564.5	2564.5	2564.5	2564.5	2564.5	0.06856951871657754	0.06856951871657754	0.06856951871657754	0.06856951871657754	0.06856951871657754	0.06856951871657754	0.06856951871657754	0.06856951871657754	0.06856951871657754
Closure	110	34.0	34.0	34.0	22738.5	22738.5	22738.5	22738.5	22738.5	22738.5	0.0008006593665371482	0.0008006593665371482	0.0008006593665371482	0.5354645001766161	0.5354645001766161	0.5354645001766161	0.5354645001766161	0.5354645001766161	0.5354645001766161
Closure	111	4.0	4.0	4.0	4.0	4.0	4.0	4.0	4.0	4.0	0.00011758480804280087	0.00011758480804280087	0.00011758480804280087	0.00011758480804280087	0.00011758480804280087	0.00011758480804280087	0.00011758480804280087	0.00011758480804280087	0.00011758480804280087
Closure	112	130.0	176.0	65.0	130.0	176.0	65.0	130.0	176.0	65.0	0.003173905612930003	0.004296979906736004	0.0015869528064650015	0.003173905612930003	0.004296979906736004	0.0015869528064650015	0.003173905612930003	0.004296979906736004	0.0015869528064650015
Closure	113	8.0	8.0	8.0	8.0	8.0	8.0	8.0	8.0	8.0	0.00022092734252022867	0.00022092734252022867	0.00022092734252022867	0.00022092734252022867	0.00022092734252022867	0.00022092734252022867	0.00022092734252022867	0.00022092734252022867	0.00022092734252022867
Closure	114	90.0	90.0	90.0	90.0	90.0	90.0	90.0	90.0	90.0	0.002222771054581378	0.002222771054581378	0.002222771054581378	0.002222771054581378	0.002222771054581378	0.002222771054581378	0.002222771054581378	0.002222771054581378	0.002222771054581378
Closure	115	3.0	5.0	7.0	131.0	172.0	42.0	2803.0	2803.0	2803.0	7.244801854669275e-05	0.00012074669757782124	0.00016904537660894975	0.0031635634765389167	0.004153686396677051	0.0010142722596536984	0.0676905986621266	0.0676905986621266	0.0676905986621266
Closure	116	39.0	44.0	46.0	74.0	108.0	75.0	74.0	108.0	75.0	0.0008486562942008486	0.0009574583832009574	0.001000979218801001	0.0016102709172016103	0.00235012512240235	0.001632031335001632	0.0016102709172016103	0.00235012512240235	0.001632031335001632
Closure	117	153.0	153.0	153.0	12987.0	12987.0	12987.0	23293.0	23293.0	23293.0	0.0037444017522821273	0.0037444017522821273	0.0037444017522821273	0.3178336310907712	0.3178336310907712	0.3178336310907712	0.5700545752673699	0.5700545752673699	0.5700545752673699
Closure	118	3291.5	3291.5	3291.5	3291.5	3291.5	3291.5	3291.5	3291.5	3291.5	0.0711091427583823	0.0711091427583823	0.0711091427583823	0.0711091427583823	0.0711091427583823	0.0711091427583823	0.0711091427583823	0.0711091427583823	0.0711091427583823
Closure	119	22502.0	22502.0	22502.0	22502.0	22502.0	22502.0	22502.0	22502.0	22502.0	0.5415383134385829	0.5415383134385829	0.5415383134385829	0.5415383134385829	0.5415383134385829	0.5415383134385829	0.5415383134385829	0.5415383134385829	0.5415383134385829
Closure	12	2337.0	2337.0	2337.0	2337.0	2337.0	2337.0	2337.0	2337.0	2337.0	0.057445553315962836	0.057445553315962836	0.057445553315962836	0.057445553315962836	0.057445553315962836	0.057445553315962836	0.057445553315962836	0.057445553315962836	0.057445553315962836
Closure	120	2042.5	2042.5	2042.5	2042.5	2042.5	2042.5	2042.5	2042.5	2042.5	0.05271239805925467	0.05271239805925467	0.05271239805925467	0.05271239805925467	0.05271239805925467	0.05271239805925467	0.05271239805925467	0.05271239805925467	0.05271239805925467
Closure	121	90.0	90.0	90.0	2011.5	2011.5	2011.5	2011.5	2011.5	2011.5	0.002321861617047624	0.002321861617047624	0.002321861617047624	0.051893607141014396	0.051893607141014396	0.051893607141014396	0.051893607141014396	0.051893607141014396	0.051893607141014396
Closure	122	3.0	3.0	3.0	3.0	3.0	3.0	3.0	3.0	3.0	0.0002818754110683078	0.0002818754110683078	0.0002818754110683078	0.0002818754110683078	0.0002818754110683078	0.0002818754110683078	0.0002818754110683078	0.0002818754110683078	0.0002818754110683078
Closure	123	98.0	98.0	98.0	98.0	98.0	98.0	98.0	98.0	98.0	0.003144956837071981	0.003144956837071981	0.003144956837071981	0.003144956837071981	0.003144956837071981	0.003144956837071981	0.003144956837071981	0.003144956837071981	0.003144956837071981
Closure	124	18.0	18.0	18.0	18.0	18.0	18.0	18.0	18.0	18.0	0.00048738221596447527	0.00048738221596447527	0.00048738221596447527	0.00048738221596447527	0.00048738221596447527	0.00048738221596447527	0.00048738221596447527	0.00048738221596447527	0.00048738221596447527
Closure	125	95.0	95.0	95.0	95.0	95.0	95.0	95.0	95.0	95.0	0.0023894562100709293	0.0023894562100709293	0.0023894562100709293	0.0023894562100709293	0.0023894562100709293	0.0023894562100709293	0.0023894562100709293	0.0023894562100709293	0.0023894562100709293
Closure	126	1731.5	1731.5	1731.5	1731.5	1731.5	1731.5	1731.5	1731.5	1731.5	0.04996681384007157	0.04996681384007157	0.04996681384007157	0.04996681384007157	0.04996681384007157	0.04996681384007157	0.04996681384007157	0.04996681384007157	0.04996681384007157
Closure	127	1979.5	1979.5	1979.5	19644.5	19644.5	19644.5	19644.5	19644.5	19644.5	0.055817166704263475	0.055817166704263475	0.055817166704263475	0.5539279269117979	0.5539279269117979	0.5539279269117979	0.5539279269117979	0.5539279269117979	0.5539279269117979
Closure	128	2.0	2.0	2.0	3.0	3.0	3.0	3.0	3.0	3.0	6.866245536940401e-05	6.866245536940401e-05	6.866245536940401e-05	0.00010299368305410601	0.00010299368305410601	0.00010299368305410601	0.00010299368305410601	0.00010299368305410601	0.00010299368305410601
Closure	129	3537.5	3537.5	3537.5	3537.5	3537.5	3537.5	3537.5	3537.5	3537.5	0.0641630239602416	0.0641630239602416	0.0641630239602416	0.0641630239602416	0.0641630239602416	0.0641630239602416	0.0641630239602416	0.0641630239602416	0.0641630239602416
Closure	13	4156.5	4156.5	4156.5	4156.5	4156.5	4156.5	4156.5	4156.5	4156.5	0.07813704295516496	0.07813704295516496	0.07813704295516496	0.07813704295516496	0.07813704295516496	0.07813704295516496	0.07813704295516496	0.07813704295516496	0.07813704295516496
Closure	130	2090.5	2090.5	2090.5	2090.5	2090.5	2090.5	2090.5	2090.5	2090.5	0.051516794401044876	0.051516794401044876	0.051516794401044876	0.051516794401044876	0.051516794401044876	0.051516794401044876	0.051516794401044876	0.051516794401044876	0.051516794401044876
Closure	131	94.0	83.0	84.0	96.0	104.0	101.5	96.0	104.0	101.5	0.002719986110709222	0.002401689863711334	0.0024306258861656878	0.002777858155617929	0.003009346335252756	0.0029370062791168727	0.002777858155617929	0.003009346335252756	0.0029370062791168727
Closure	132	1623.5	1623.5	1623.5	1623.5	1623.5	1623.5	1623.5	1623.5	1623.5	0.04544691095372729	0.04544691095372729	0.04544691095372729	0.04544691095372729	0.04544691095372729	0.04544691095372729	0.04544691095372729	0.04544691095372729	0.04544691095372729
Closure	133	716.0	716.0	716.0	716.0	716.0	716.0	716.0	716.0	716.0	0.058506291877757806	0.058506291877757806	0.058506291877757806	0.058506291877757806	0.058506291877757806	0.058506291877757806	0.058506291877757806	0.058506291877757806	0.058506291877757806
Closure	14	96.0	131.0	38.0	96.0	131.0	38.0	96.0	131.0	38.0	0.002375767174816868	0.0032419322906355177	0.0009404078400316769	0.002375767174816868	0.0032419322906355177	0.0009404078400316769	0.002375767174816868	0.0032419322906355177	0.0009404078400316769
Closure	15	60.5	60.5	60.5	60.5	60.5	60.5	60.5	60.5	60.5	0.001520482533299824	0.001520482533299824	0.001520482533299824	0.001520482533299824	0.001520482533299824	0.001520482533299824	0.001520482533299824	0.001520482533299824	0.001520482533299824
Closure	16	170.0	157.5	169.0	3825.5	3825.5	3825.5	26003.0	26003.0	26003.0	0.003819280627260677	0.0035384511693738628	0.003796814270629732	0.0859450472916807	0.0859450472916807	0.0859450472916807	0.584192671474467	0.584192671474467	0.584192671474467
Closure	17	10.0	10.0	10.0	10.0	10.0	10.0	10.0	10.0	10.0	0.0002698108625853277	0.0002698108625853277	0.0002698108625853277	0.0002698108625853277	0.0002698108625853277	0.0002698108625853277	0.0002698108625853277	0.0002698108625853277	0.0002698108625853277
Closure	18	2397.0	2397.0	2397.0	2397.0	2397.0	2397.0	2397.0	2397.0	2397.0	0.0600676606941486	0.0600676606941486	0.0600676606941486	0.0600676606941486	0.0600676606941486	0.0600676606941486	0.0600676606941486	0.0600676606941486	0.0600676606941486
Closure	19	6.0	6.0	6.0	6.0	6.0	6.0	6.0	6.0	6.0	0.00016325197943025058	0.00016325197943025058	0.00016325197943025058	0.00016325197943025058	0.00016325197943025058	0.00016325197943025058	0.00016325197943025058	0.00016325197943025058	0.00016325197943025058
Closure	2	10.0	10.0	10.0	10.0	10.0	10.0	10.0	10.0	10.0	0.00026486558071778574	0.00026486558071778574	0.00026486558071778574	0.00026486558071778574	0.00026486558071778574	0.00026486558071778574	0.00026486558071778574	0.00026486558071778574	0.00026486558071778574
Closure	20	1533.5	1533.5	1533.5	1533.5	1533.5	1533.5	1533.5	1533.5	1533.5	0.04340012452595234	0.04340012452595234	0.04340012452595234	0.04340012452595234	0.04340012452595234	0.04340012452595234	0.04340012452595234	0.04340012452595234	0.04340012452595234
Closure	21	7.0	7.0	7.0	83.0	83.0	83.0	19032.0	19032.0	19032.0	0.00020099348206851006	0.00020099348206851006	0.00020099348206851006	0.002383208430240905	0.002383208430240905	0.002383208430240905	0.5464725643896976	0.5464725643896976	0.5464725643896976
Closure	22	1.0	1.0	1.0	1698.0	1698.0	1698.0	19035.0	19035.0	19035.0	2.870840869290615e-05	2.870840869290615e-05	2.870840869290615e-05	0.048746877960554644	0.048746877960554644	0.048746877960554644	0.5464645594694686	0.5464645594694686	0.5464645594694686
Closure	23	67.0	67.0	67.0	18540.0	18540.0	18540.0	18540.0	18540.0	18540.0	0.0019352975158867707	0.0019352975158867707	0.0019352975158867707	0.5355285961871751	0.5355285961871751	0.5355285961871751	0.5355285961871751	0.5355285961871751	0.5355285961871751
Closure	24	3.0	3.0	3.0	57.0	57.0	57.0	62.0	62.0	62.0	9.416195856873823e-05	9.416195856873823e-05	9.416195856873823e-05	0.0017890772128060263	0.0017890772128060263	0.0017890772128060263	0.0019460138104205901	0.0019460138104205901	0.0019460138104205901
Closure	25	71.0	71.0	71.0	2029.5	2029.5	2029.5	2029.5	2029.5	2029.5	0.001953716188327234	0.001953716188327234	0.001953716188327234	0.055846014143804516	0.055846014143804516	0.055846014143804516	0.055846014143804516	0.055846014143804516	0.055846014143804516
Closure	26	20.0	18.0	24.0	4221.0	4221.0	4221.0	31391.5	31391.5	31391.5	0.0003666697222476854	0.00033000275002291685	0.0004400036666972225	0.077385644880374	0.077385644880374	0.077385644880374	0.5755156292969108	0.5755156292969108	0.5755156292969108
Closure	27	1.0	1.0	1.0	592.0	592.0	592.0	1144.5	1144.5	1144.5	0.000445632798573975	0.000445632798573975	0.000445632798573975	0.2638146167557932	0.2638146167557932	0.2638146167557932	0.5100267379679144	0.5100267379679144	0.5100267379679144
Closure	28	20303.0	20303.0	20303.0	20303.0	20303.0	20303.0	20303.0	20303.0	20303.0	0.5525076877023974	0.5525076877023974	0.5525076877023974	0.5525076877023974	0.5525076877023974	0.5525076877023974	0.5525076877023974	0.5525076877023974	0.5525076877023974
Closure	29	5027.0	5027.0	5027.0	5027.0	5027.0	5027.0	34630.5	34630.5	34630.5	0.08470378108782099	0.08470378108782099	0.08470378108782099	0.08470378108782099	0.08470378108782099	0.08470378108782099	0.5835158724809597	0.5835158724809597	0.5835158724809597
Closure	3	2384.0	2384.0	2384.0	2384.0	2384.0	2384.0	2384.0	2384.0	2384.0	0.057441630725489724	0.057441630725489724	0.057441630725489724	0.057441630725489724	0.057441630725489724	0.057441630725489724	0.057441630725489724	0.057441630725489724	0.057441630725489724
Closure	30	81.0	75.0	89.0	2185.5	2185.5	2185.5	2185.5	2185.5	2185.5	0.0020661684054791725	0.0019131188939621967	0.00227023442083514	0.05574828457005841	0.05574828457005841	0.05574828457005841	0.05574828457005841	0.05574828457005841	0.05574828457005841
Closure	31	1710.5	1710.5	1710.5	1710.5	1710.5	1710.5	1710.5	1710.5	1710.5	0.044844401331830215	0.044844401331830215	0.044844401331830215	0.044844401331830215	0.044844401331830215	0.044844401331830215	0.044844401331830215	0.044844401331830215	0.044844401331830215
Closure	32	72.0	108.0	50.0	162.0	166.0	129.0	21681.5	21681.5	21681.5	0.0018449238968892532	0.00276738584533388	0.001281197150617537	0.00415107876800082	0.004253574540050223	0.0033054886485932456	0.5555655204222826	0.5555655204222826	0.5555655204222826
Closure	33	2802.5	2802.5	2802.5	2802.5	2802.5	2802.5	2802.5	2802.5	2802.5	0.07658359293873312	0.07658359293873312	0.07658359293873312	0.07658359293873312	0.07658359293873312	0.07658359293873312	0.07658359293873312	0.07658359293873312	0.07658359293873312
Closure	34	28.0	28.0	28.0	1956.0	1956.0	1956.0	3658.0	3658.0	3658.0	0.003911160776644783	0.003911160776644783	0.003911160776644783	0.2732225171113284	0.2732225171113284	0.2732225171113284	0.5109652186059506	0.5109652186059506	0.5109652186059506
Closure	35	26.0	26.0	26.0	11644.0	11644.0	11644.0	20891.0	20891.0	20891.0	0.0007122116912288391	0.0007122116912288391	0.0007122116912288391	0.3189612666411001	0.3189612666411001	0.3189612666411001	0.5722620939023723	0.5722620939023723	0.5722620939023723
Closure	36	4903.5	4903.5	4903.5	4903.5	4903.5	4903.5	4903.5	4903.5	4903.5	0.0856491589666556	0.0856491589666556	0.0856491589666556	0.0856491589666556	0.0856491589666556	0.0856491589666556	0.0856491589666556	0.0856491589666556	0.0856491589666556
Closure	37	1205.5	1205.5	1205.5	1205.5	1205.5	1205.5	1205.5	1205.5	1205.5	0.03175460316624081	0.03175460316624081	0.03175460316624081	0.03175460316624081	0.03175460316624081	0.03175460316624081	0.03175460316624081	0.03175460316624081	0.03175460316624081
Closure	38	772.0	772.0	772.0	772.0	772.0	772.0	772.0	772.0	772.0	0.028082939250636596	0.028082939250636596	0.028082939250636596	0.028082939250636596	0.028082939250636596	0.028082939250636596	0.028082939250636596	0.028082939250636596	0.028082939250636596
Closure	39	4.0	4.0	4.0	26.0	26.0	27.0	45.0	44.0	45.0	0.000563856780377784	0.000563856780377784	0.000563856780377784	0.003665069072455596	0.003665069072455596	0.0038060332675500423	0.006343388779250071	0.006202424584155625	0.006343388779250071
Closure	4	2702.5	2702.5	2702.5	12193.0	12193.0	12193.0	12193.0	12193.0	12193.0	0.06964847172826143	0.06964847172826143	0.06964847172826143	0.3142363795680635	0.3142363795680635	0.3142363795680635	0.3142363795680635	0.3142363795680635	0.3142363795680635
Closure	40	2824.5	2824.5	2824.5	2824.5	2824.5	2824.5	2824.5	2824.5	2824.5	0.06954155997636399	0.06954155997636399	0.06954155997636399	0.06954155997636399	0.06954155997636399	0.06954155997636399	0.06954155997636399	0.06954155997636399	0.06954155997636399
Closure	41	2571.0	2571.0	2571.0	2571.0	2571.0	2571.0	2571.0	2571.0	2571.0	0.07178756910705311	0.07178756910705311	0.07178756910705311	0.07178756910705311	0.07178756910705311	0.07178756910705311	0.07178756910705311	0.07178756910705311	0.07178756910705311
Closure	42	11.0	11.0	11.0	11.0	11.0	11.0	11.0	11.0	11.0	0.0012564249000571101	0.0012564249000571101	0.0012564249000571101	0.0012564249000571101	0.0012564249000571101	0.0012564249000571101	0.0012564249000571101	0.0012564249000571101	0.0012564249000571101
Closure	43	2734.0	2734.0	2734.0	2734.0	2734.0	2734.0	2734.0	2734.0	2734.0	0.07639859162801095	0.07639859162801095	0.07639859162801095	0.07639859162801095	0.07639859162801095	0.07639859162801095	0.07639859162801095	0.07639859162801095	0.07639859162801095
Closure	44	781.0	781.0	781.0	781.0	781.0	781.0	781.0	781.0	781.0	0.029370839757812794	0.029370839757812794	0.029370839757812794	0.029370839757812794	0.029370839757812794	0.029370839757812794	0.029370839757812794	0.029370839757812794	0.029370839757812794
Closure	45	1791.0	1791.0	1791.0	1791.0	1791.0	1791.0	1791.0	1791.0	1791.0	0.05415620936772399	0.05415620936772399	0.05415620936772399	0.05415620936772399	0.05415620936772399	0.05415620936772399	0.05415620936772399	0.05415620936772399	0.05415620936772399
Closure	46	2.0	5.0	2.0	7.0	8.0	8.0	4273.5	4273.5	4273.5	0.00026727248429774154	0.0006681812107443538	0.00026727248429774154	0.0009354536950420954	0.0010690899371909662	0.0010690899371909662	0.5710944808231992	0.5710944808231992	0.5710944808231992
Closure	47	2325.5	2325.5	2325.5	2325.5	2325.5	2325.5	2325.5	2325.5	2325.5	0.06333750953262883	0.06333750953262883	0.06333750953262883	0.06333750953262883	0.06333750953262883	0.06333750953262883	0.06333750953262883	0.06333750953262883	0.06333750953262883
Closure	48	178.0	178.0	178.0	178.0	178.0	178.0	2470.0	2470.0	2470.0	0.005199205514662928	0.005199205514662928	0.005199205514662928	0.005199205514662928	0.005199205514662928	0.005199205514662928	0.07214627877088445	0.07214627877088445	0.07214627877088445
Closure	49	168.0	155.0	99.0	2822.5	2822.5	2822.5	2822.5	2822.5	2822.5	0.004463692642878019	0.0041182878550362675	0.002630390307410261	0.0749926933602572	0.0749926933602572	0.0749926933602572	0.0749926933602572	0.0749926933602572	0.0749926933602572
Closure	5	58.0	58.0	58.0	58.0	58.0	58.0	58.0	58.0	58.0	0.0016355996728800654	0.0016355996728800654	0.0016355996728800654	0.0016355996728800654	0.0016355996728800654	0.0016355996728800654	0.0016355996728800654	0.0016355996728800654	0.0016355996728800654
Closure	50	60.0	60.0	64.0	99.0	99.0	95.0	99.0	99.0	95.0	0.0018619084561675718	0.0018619084561675718	0.0019860356865787432	0.0030721489526764935	0.0030721489526764935	0.002948021722265322	0.0030721489526764935	0.0030721489526764935	0.002948021722265322
Closure	51	17.0	17.0	17.0	17.0	17.0	17.0	17.0	17.0	17.0	0.0006409773018626046	0.0006409773018626046	0.0006409773018626046	0.0006409773018626046	0.0006409773018626046	0.0006409773018626046	0.0006409773018626046	0.0006409773018626046	0.0006409773018626046
Closure	52	7.0	7.0	7.0	7.0	7.0	7.0	7.0	7.0	7.0	0.00026393183017871957	0.00026393183017871957	0.00026393183017871957	0.00026393183017871957	0.00026393183017871957	0.00026393183017871957	0.00026393183017871957	0.00026393183017871957	0.00026393183017871957
Closure	53	1642.5	1642.5	1642.5	1642.5	1642.5	1642.5	1642.5	1642.5	1642.5	0.05007011340080478	0.05007011340080478	0.05007011340080478	0.05007011340080478	0.05007011340080478	0.05007011340080478	0.05007011340080478	0.05007011340080478	0.05007011340080478
Closure	54	62.0	55.0	71.0	3106.5	3106.5	3106.5	3106.5	3106.5	3106.5	0.0015861645517805977	0.0014070814572247237	0.001816414244781007	0.07947451903397462	0.07947451903397462	0.07947451903397462	0.07947451903397462	0.07947451903397462	0.07947451903397462
Closure	55	1554.0	1554.0	1554.0	1554.0	1554.0	1554.0	1554.0	1554.0	1554.0	0.043087672600232906	0.043087672600232906	0.043087672600232906	0.043087672600232906	0.043087672600232906	0.043087672600232906	0.043087672600232906	0.043087672600232906	0.043087672600232906
Closure	56	2.0	8.0	1.0	2.0	8.0	1.0	2.0	8.0	1.0	8.287407284631003e-05	0.0003314962913852401	4.1437036423155016e-05	8.287407284631003e-05	0.0003314962913852401	4.1437036423155016e-05	8.287407284631003e-05	0.0003314962913852401	4.1437036423155016e-05
Closure	57	4.0	4.0	4.0	4.0	4.0	4.0	4.0	4.0	4.0	0.00016073940124573035	0.00016073940124573035	0.00016073940124573035	0.00016073940124573035	0.00016073940124573035	0.00016073940124573035	0.00016073940124573035	0.00016073940124573035	0.00016073940124573035
Closure	58	14.0	14.0	14.0	14.0	14.0	14.0	14.0	14.0	14.0	0.0004690745828586745	0.0004690745828586745	0.0004690745828586745	0.0004690745828586745	0.0004690745828586745	0.0004690745828586745	0.0004690745828586745	0.0004690745828586745	0.0004690745828586745
Closure	59	4461.0	4461.0	4461.0	4461.0	4461.0	4461.0	4461.0	4461.0	4461.0	0.08483730483236027	0.08483730483236027	0.08483730483236027	0.08483730483236027	0.08483730483236027	0.08483730483236027	0.08483730483236027	0.08483730483236027	0.08483730483236027
Closure	6	2.0	2.0	2.0	14.0	14.0	14.0	2761.5	2761.5	2761.5	5.179602724471033e-05	5.179602724471033e-05	5.179602724471033e-05	0.0003625721907129723	0.0003625721907129723	0.0003625721907129723	0.0715173646181338	0.0715173646181338	0.0715173646181338
Closure	60	8.0	14.0	2.0	8.0	86.0	2.0	15.0	86.0	17.0	0.0001411308106200935	0.00024697891858516363	3.528270265502338e-05	0.0001411308106200935	0.0015171562141660052	3.528270265502338e-05	0.0002646202699126753	0.0015171562141660052	0.0002999029725676987
Closure	61	1282.0	1282.0	1282.0	1282.0	1282.0	1282.0	1282.0	1282.0	1282.0	0.04171276111147264	0.04171276111147264	0.04171276111147264	0.04171276111147264	0.04171276111147264	0.04171276111147264	0.04171276111147264	0.04171276111147264	0.04171276111147264
Closure	62	1.0	1.0	1.0	1.0	1.0	1.0	1.0	1.0	1.0	0.0025974025974025974	0.0025974025974025974	0.0025974025974025974	0.0025974025974025974	0.0025974025974025974	0.0025974025974025974	0.0025974025974025974	0.0025974025974025974	0.0025974025974025974
Closure	63	1.0	1.0	1.0	1.0	1.0	1.0	1.0	1.0	1.0	0.0025974025974025974	0.0025974025974025974	0.0025974025974025974	0.0025974025974025974	0.0025974025974025974	0.0025974025974025974	0.0025974025974025974	0.0025974025974025974	0.0025974025974025974
Closure	64	3113.5	3113.5	3113.5	15552.5	15552.5	15552.5	27168.0	27168.0	27168.0	0.06451780015748684	0.06451780015748684	0.06451780015748684	0.3222781714948817	0.3222781714948817	0.3222781714948817	0.5629740146711426	0.5629740146711426	0.5629740146711426
Closure	65	1.0	1.0	1.0	1.0	1.0	1.0	1.0	1.0	1.0	3.947576188220433e-05	3.947576188220433e-05	3.947576188220433e-05	3.947576188220433e-05	3.947576188220433e-05	3.947576188220433e-05	3.947576188220433e-05	3.947576188220433e-05	3.947576188220433e-05
Closure	66	1759.0	1759.0	1759.0	1759.0	1759.0	1759.0	1759.0	1759.0	1759.0	0.0526993828270118	0.0526993828270118	0.0526993828270118	0.0526993828270118	0.0526993828270118	0.0526993828270118	0.0526993828270118	0.0526993828270118	0.0526993828270118
Closure	67	1597.0	1597.0	1597.0	1597.0	1597.0	1597.0	1597.0	1597.0	1597.0	0.05210950500864685	0.05210950500864685	0.05210950500864685	0.05210950500864685	0.05210950500864685	0.05210950500864685	0.05210950500864685	0.05210950500864685	0.05210950500864685
Closure	68	7.0	7.0	7.0	19.0	19.0	19.0	48.0	48.0	48.0	0.0006197432492253209	0.0006197432492253209	0.0006197432492253209	0.0016821602478972997	0.0016821602478972997	0.0016821602478972997	0.004249667994687915	0.004249667994687915	0.004249667994687915
Closure	69	140.0	169.0	22.0	140.0	169.0	22.0	140.0	169.0	22.0	0.0041461825504945805	0.0050050346502398865	0.0006515429722205769	0.0041461825504945805	0.0050050346502398865	0.0006515429722205769	0.0041461825504945805	0.0050050346502398865	0.0006515429722205769
Closure	7	13.0	12.0	12.0	13.0	12.0	12.0	13.0	12.0	12.0	0.0004203854611305135	0.00038804811796662784	0.00038804811796662784	0.0004203854611305135	0.00038804811796662784	0.00038804811796662784	0.0004203854611305135	0.00038804811796662784	0.00038804811796662784
Closure	70	2507.5	2507.5	2507.5	2507.5	2507.5	2507.5	2507.5	2507.5	2507.5	0.07278030940701825	0.07278030940701825	0.07278030940701825	0.07278030940701825	0.07278030940701825	0.07278030940701825	0.07278030940701825	0.07278030940701825	0.07278030940701825
Closure	71	2375.5	2375.5	2375.5	2375.5	2375.5	2375.5	2375.5	2375.5	2375.5	0.07004481924868786	0.07004481924868786	0.07004481924868786	0.07004481924868786	0.07004481924868786	0.07004481924868786	0.07004481924868786	0.07004481924868786	0.07004481924868786
Closure	72	1826.0	1826.0	1826.0	18432.0	18432.0	18432.0	18432.0	18432.0	18432.0	0.05481343619607961	0.05481343619607961	0.05481343619607961	0.553297511482004	0.553297511482004	0.553297511482004	0.553297511482004	0.553297511482004	0.553297511482004
Closure	73	9.0	9.0	9.0	9.0	9.0	9.0	9.0	9.0	9.0	0.00036521527411435297	0.00036521527411435297	0.00036521527411435297	0.00036521527411435297	0.00036521527411435297	0.00036521527411435297	0.00036521527411435297	0.00036521527411435297	0.00036521527411435297
Closure	74	59.0	62.0	37.0	63.5	78.0	70.0	16651.0	16651.0	16651.0	0.0019258388823606214	0.002023762893328111	0.0012077294685990338	0.0020727248988118554	0.0025460242851547197	0.0022848935892414153	0.5435109022065544	0.5435109022065544	0.5435109022065544
Closure	75	1.0	1.0	1.0	16.0	16.0	16.0	16.0	16.0	16.0	3.3522174918708724e-05	3.3522174918708724e-05	3.3522174918708724e-05	0.0005363547986993396	0.0005363547986993396	0.0005363547986993396	0.0005363547986993396	0.0005363547986993396	0.0005363547986993396
Closure	76	44.0	39.5	48.0	1676.5	1676.5	1676.5	16622.0	16622.0	16622.0	0.0014668133480014668	0.0013167983465013169	0.0016001600160016002	0.05588892222555589	0.05588892222555589	0.05588892222555589	0.5541220788745541	0.5541220788745541	0.5541220788745541
Closure	77	36.0	36.0	36.0	36.0	36.0	36.0	36.0	36.0	36.0	0.0014710088669145588	0.0014710088669145588	0.0014710088669145588	0.0014710088669145588	0.0014710088669145588	0.0014710088669145588	0.0014710088669145588	0.0014710088669145588	0.0014710088669145588
Closure	78	3.0	3.0	3.0	8567.5	8567.5	8567.5	8567.5	8567.5	8567.5	0.0001015331505736623	0.0001015331505736623	0.0001015331505736623	0.28996175584661726	0.28996175584661726	0.28996175584661726	0.28996175584661726	0.28996175584661726	0.28996175584661726
Closure	79	35.0	44.0	16.0	60.0	57.0	65.0	60.0	57.0	65.0	0.0011742208206126077	0.001476163317341564	0.0005367866608514778	0.0020129499781930417	0.0019123024792833897	0.0021806958097091286	0.0020129499781930417	0.0019123024792833897	0.0021806958097091286
Closure	8	1534.5	1534.5	1534.5	18363.5	18363.5	18363.5	18363.5	18363.5	18363.5	0.04547070850742288	0.04547070850742288	0.04547070850742288	0.5441520727768394	0.5441520727768394	0.5441520727768394	0.5441520727768394	0.5441520727768394	0.5441520727768394
Closure	80	5.0	4.0	7.0	738.0	738.0	738.0	738.0	738.0	738.0	0.00022088708252341403	0.00017670966601873123	0.00030924191553277966	0.03260293338045591	0.03260293338045591	0.03260293338045591	0.03260293338045591	0.03260293338045591	0.03260293338045591
Closure	81	16.0	16.0	16.0	16.0	16.0	16.0	16.0	16.0	16.0	0.0017241379310344827	0.0017241379310344827	0.0017241379310344827	0.0017241379310344827	0.0017241379310344827	0.0017241379310344827	0.0017241379310344827	0.0017241379310344827	0.0017241379310344827
Closure	82	2175.5	2175.5	2175.5	2175.5	2175.5	2175.5	2175.5	2175.5	2175.5	0.0690766495205436	0.0690766495205436	0.0690766495205436	0.0690766495205436	0.0690766495205436	0.0690766495205436	0.0690766495205436	0.0690766495205436	0.0690766495205436
Closure	83	91.5	91.5	91.5	91.5	91.5	91.5	91.5	91.5	91.5	0.0021290457686669612	0.0021290457686669612	0.0021290457686669612	0.0021290457686669612	0.0021290457686669612	0.0021290457686669612	0.0021290457686669612	0.0021290457686669612	0.0021290457686669612
Closure	84	9.0	9.0	9.0	5113.5	5113.5	5113.5	5113.5	5113.5	5113.5	0.0009715025906735751	0.0009715025906735751	0.0009715025906735751	0.5519753886010362	0.5519753886010362	0.5519753886010362	0.5519753886010362	0.5519753886010362	0.5519753886010362
Closure	85	69.0	70.0	66.0	1479.0	1479.0	1479.0	15272.5	15272.5	15272.5	0.0024942163100057837	0.0025303643724696357	0.0023857721226142278	0.053462984384037016	0.053462984384037016	0.053462984384037016	0.5520712839791787	0.5520712839791787	0.5520712839791787
Closure	86	16.0	73.0	13.0	16.0	73.0	13.0	16.0	73.0	13.0	0.00045116174148432213	0.00205842544552222	0.00036656891495601173	0.00045116174148432213	0.00205842544552222	0.00036656891495601173	0.00045116174148432213	0.00205842544552222	0.00036656891495601173
Closure	87	1293.5	1293.5	1293.5	1293.5	1293.5	1293.5	1293.5	1293.5	1293.5	0.048039070043823816	0.048039070043823816	0.048039070043823816	0.048039070043823816	0.048039070043823816	0.048039070043823816	0.048039070043823816	0.048039070043823816	0.048039070043823816
Closure	88	66.0	56.0	55.0	66.0	56.0	55.0	66.0	56.0	55.0	0.0014823133071308254	0.001257720381807973	0.0012352610892756878	0.0014823133071308254	0.001257720381807973	0.0012352610892756878	0.0014823133071308254	0.001257720381807973	0.0012352610892756878
Closure	89	67.0	147.5	55.0	1886.5	1886.5	1886.5	1886.5	1886.5	1886.5	0.0020743034055727555	0.00456656346749226	0.0017027863777089784	0.05840557275541795	0.05840557275541795	0.05840557275541795	0.05840557275541795	0.05840557275541795	0.05840557275541795
Closure	9	1.0	1.0	1.0	4637.5	4637.5	4637.5	4637.5	4637.5	4637.5	0.00010822510822510823	0.00010822510822510823	0.00010822510822510823	0.5018939393939394	0.5018939393939394	0.5018939393939394	0.5018939393939394	0.5018939393939394	0.5018939393939394
Closure	90	2321.0	2321.0	2321.0	2321.0	2321.0	2321.0	2321.0	2321.0	2321.0	0.07441249078259754	0.07441249078259754	0.07441249078259754	0.07441249078259754	0.07441249078259754	0.07441249078259754	0.07441249078259754	0.07441249078259754	0.07441249078259754
Closure	91	1228.0	1228.0	1228.0	1228.0	1228.0	1228.0	1228.0	1228.0	1228.0	0.043442883928255564	0.043442883928255564	0.043442883928255564	0.043442883928255564	0.043442883928255564	0.043442883928255564	0.043442883928255564	0.043442883928255564	0.043442883928255564
Closure	92	1314.5	1314.5	1314.5	1314.5	1314.5	1314.5	1314.5	1314.5	1314.5	0.052090350703388154	0.052090350703388154	0.052090350703388154	0.052090350703388154	0.052090350703388154	0.052090350703388154	0.052090350703388154	0.052090350703388154	0.052090350703388154
Closure	93	1314.0	1314.0	1314.0	1314.0	1314.0	1314.0	1314.0	1314.0	1314.0	0.052142857142857144	0.052142857142857144	0.052142857142857144	0.052142857142857144	0.052142857142857144	0.052142857142857144	0.052142857142857144	0.052142857142857144	0.052142857142857144
Closure	94	8.0	11.0	4.0	8.0	11.0	4.0	8.0	11.0	4.0	0.00029063430938022235	0.0003996221753978057	0.00014531715469011118	0.00029063430938022235	0.0003996221753978057	0.00014531715469011118	0.00029063430938022235	0.0003996221753978057	0.00014531715469011118
Closure	95	2471.5	2471.5	2471.5	2471.5	2471.5	2471.5	2471.5	2471.5	2471.5	0.07352372452774059	0.07352372452774059	0.07352372452774059	0.07352372452774059	0.07352372452774059	0.07352372452774059	0.07352372452774059	0.07352372452774059	0.07352372452774059
Closure	96	37.0	37.0	37.0	37.0	37.0	37.0	2088.5	2088.5	2088.5	0.0012218479624859654	0.0012218479624859654	0.0012218479624859654	0.0012218479624859654	0.0012218479624859654	0.0012218479624859654	0.06896836404464698	0.06896836404464698	0.06896836404464698
Closure	97	33.5	33.5	33.5	33.5	33.5	33.5	33.5	33.5	33.5	0.001340858149215498	0.001340858149215498	0.001340858149215498	0.001340858149215498	0.001340858149215498	0.001340858149215498	0.001340858149215498	0.001340858149215498	0.001340858149215498
Closure	98	1510.5	1510.5	1510.5	15547.0	15547.0	15547.0	15547.0	15547.0	15547.0	0.05357522877207917	0.05357522877207917	0.05357522877207917	0.5514293821380436	0.5514293821380436	0.5514293821380436	0.5514293821380436	0.5514293821380436	0.5514293821380436
Closure	99	43.0	65.0	17.0	1152.0	1152.0	1152.0	1152.0	1152.0	1152.0	0.0017300341983504325	0.002615167974250654	0.000683967008650171	0.04634882317441159	0.04634882317441159	0.04634882317441159	0.04634882317441159	0.04634882317441159	0.04634882317441159
Lang	1	3.0	3.0	3.0	6.0	6.0	6.0	7.0	7.0	7.0	0.0010416666666666667	0.0010416666666666667	0.0010416666666666667	0.0020833333333333333	0.0020833333333333333	0.0020833333333333333	0.0024305555555555556	0.0024305555555555556	0.0024305555555555556
Lang	10	43.0	57.0	34.0	161.0	161.0	161.0	863.0	863.0	863.0	0.029492455418381344	0.03909465020576132	0.023319615912208505	0.11042524005486969	0.11042524005486969	0.11042524005486969	0.5919067215363512	0.5919067215363512	0.5919067215363512
Lang	11	1.0	1.0	1.0	1.0	1.0	1.0	1.0	1.0	1.0	0.009523809523809525	0.009523809523809525	0.009523809523809525	0.009523809523809525	0.009523809523809525	0.009523809523809525	0.009523809523809525	0.009523809523809525	0.009523809523809525
Lang	12	6.0	7.0	6.0	6.0	7.0	6.0	8.0	9.0	6.0	0.061224489795918366	0.07142857142857142	0.061224489795918366	0.061224489795918366	0.07142857142857142	0.061224489795918366	0.08163265306122448	0.09183673469387756	0.061224489795918366
Lang	13	3.0	3.0	3.0	8.0	8.0	8.0	78.0	78.0	78.0	0.023622047244094488	0.023622047244094488	0.023622047244094488	0.06299212598425197	0.06299212598425197	0.06299212598425197	0.6141732283464567	0.6141732283464567	0.6141732283464567
Lang	14	1.0	1.0	1.0	1.0	1.0	1.0	1.0	1.0	1.0	0.00045955882352941176	0.00045955882352941176	0.00045955882352941176	0.00045955882352941176	0.00045955882352941176	0.00045955882352941176	0.00045955882352941176	0.00045955882352941176	0.00045955882352941176
Lang	15	250.5	250.5	250.5	411.0	411.0	411.0	417.0	417.0	417.0	0.06260934766308422	0.06260934766308422	0.06260934766308422	0.10272431892026994	0.10272431892026994	0.10272431892026994	0.1042239440139965	0.1042239440139965	0.1042239440139965
Lang	16	8.0	8.0	8.0	8.0	8.0	8.0	8.0	8.0	8.0	0.0027331738981892723	0.0027331738981892723	0.0027331738981892723	0.0027331738981892723	0.0027331738981892723	0.0027331738981892723	0.0027331738981892723	0.0027331738981892723	0.0027331738981892723
Lang	17	19.0	19.0	19.0	693.5	693.5	693.5	1314.0	1314.0	1314.0	0.007609130957148579	0.007609130957148579	0.007609130957148579	0.2777332799359231	0.2777332799359231	0.2777332799359231	0.526231477773328	0.526231477773328	0.526231477773328
Lang	18	46.0	46.0	46.0	168.5	168.5	168.5	168.5	168.5	168.5	0.04568023833167825	0.04568023833167825	0.04568023833167825	0.1673286991062562	0.1673286991062562	0.1673286991062562	0.1673286991062562	0.1673286991062562	0.1673286991062562
Lang	19	6.0	5.0	6.0	16.0	16.0	16.0	71.0	71.0	71.0	0.05172413793103448	0.04310344827586207	0.05172413793103448	0.13793103448275862	0.13793103448275862	0.13793103448275862	0.6120689655172413	0.6120689655172413	0.6120689655172413
Lang	2	16.0	16.0	16.0	16.0	16.0	16.0	16.0	16.0	16.0	0.09937888198757763	0.09937888198757763	0.09937888198757763	0.09937888198757763	0.09937888198757763	0.09937888198757763	0.09937888198757763	0.09937888198757763	0.09937888198757763
Lang	20	4.0	4.0	4.0	15.0	15.0	15.0	15.0	15.0	15.0	0.0019020446980504042	0.0019020446980504042	0.0019020446980504042	0.007132667617689016	0.007132667617689016	0.007132667617689016	0.007132667617689016	0.007132667617689016	0.007132667617689016
Lang	21	1.0	1.0	1.0	1.0	1.0	1.0	1.0	1.0	1.0	0.001718213058419244	0.001718213058419244	0.001718213058419244	0.001718213058419244	0.001718213058419244	0.001718213058419244	0.001718213058419244	0.001718213058419244	0.001718213058419244
Lang	22	26.0	26.0	27.0	26.0	26.0	27.0	26.0	26.0	27.0	0.059496567505720827	0.059496567505720827	0.06178489702517163	0.059496567505720827	0.059496567505720827	0.06178489702517163	0.059496567505720827	0.059496567505720827	0.06178489702517163
Lang	23	26.0	26.0	26.0	485.5	485.5	485.5	485.5	485.5	485.5	0.03110047846889952	0.03110047846889952	0.03110047846889952	0.5807416267942583	0.5807416267942583	0.5807416267942583	0.5807416267942583	0.5807416267942583	0.5807416267942583
Lang	24	111.0	111.0	111.0	111.0	111.0	111.0	111.0	111.0	111.0	0.04183942706370147	0.04183942706370147	0.04183942706370147	0.04183942706370147	0.04183942706370147	0.04183942706370147	0.04183942706370147	0.04183942706370147	0.04183942706370147
Lang	25	9.0	9.0	9.0	9.0	9.0	9.0	9.0	9.0	9.0	0.030716723549488054	0.030716723549488054	0.030716723549488054	0.030716723549488054	0.030716723549488054	0.030716723549488054	0.030716723549488054	0.030716723549488054	0.030716723549488054
Lang	26	11.0	11.0	11.0	11.0	11.0	11.0	11.0	11.0	11.0	0.013221153846153846	0.013221153846153846	0.013221153846153846	0.013221153846153846	0.013221153846153846	0.013221153846153846	0.013221153846153846	0.013221153846153846	0.013221153846153846
Lang	27	24.0	24.0	24.0	141.0	141.0	141.0	141.0	141.0	141.0	0.008424008424008424	0.008424008424008424	0.008424008424008424	0.04949104949104949	0.04949104949104949	0.04949104949104949	0.04949104949104949	0.04949104949104949	0.04949104949104949
Lang	28	1.0	1.0	1.0	1.0	1.0	1.0	1.0	1.0	1.0	0.009345794392523364	0.009345794392523364	0.009345794392523364	0.009345794392523364	0.009345794392523364	0.009345794392523364	0.009345794392523364	0.009345794392523364	0.009345794392523364
Lang	29	1049.0	1049.0	1049.0	1049.0	1049.0	1049.0	1049.0	1049.0	1049.0	0.5346585117227319	0.5346585117227319	0.5346585117227319	0.5346585117227319	0.5346585117227319	0.5346585117227319	0.5346585117227319	0.5346585117227319	0.5346585117227319
Lang	3	8.0	8.0	8.0	890.0	890.0	890.0	890.0	890.0	890.0	0.0027874564459930314	0.0027874564459930314	0.0027874564459930314	0.31010452961672474	0.31010452961672474	0.31010452961672474	0.31010452961672474	0.31010452961672474	0.31010452961672474
Lang	30	2.0	2.0	2.0	37.0	35.0	40.0	1875.0	1875.0	1875.0	0.000543773790103317	0.000543773790103317	0.000543773790103317	0.010059815116911366	0.009516041326808047	0.010875475802066341	0.5097879282218597	0.5097879282218597	0.5097879282218597
Lang	31	5.0	5.0	5.0	8.0	8.0	8.0	8.0	8.0	8.0	0.001365001365001365	0.001365001365001365	0.001365001365001365	0.002184002184002184	0.002184002184002184	0.002184002184002184	0.002184002184002184	0.002184002184002184	0.002184002184002184
Lang	32	4.0	4.0	4.0	40.5	40.5	40.5	1078.0	1078.0	1078.0	0.001924001924001924	0.001924001924001924	0.001924001924001924	0.01948051948051948	0.01948051948051948	0.01948051948051948	0.5185185185185185	0.5185185185185185	0.5185185185185185
Lang	33	34.0	34.0	34.0	34.0	34.0	34.0	34.0	34.0	34.0	0.015198927134555208	0.015198927134555208	0.015198927134555208	0.015198927134555208	0.015198927134555208	0.015198927134555208	0.015198927134555208	0.015198927134555208	0.015198927134555208
Lang	34	64.0	62.0	74.0	267.0	267.0	267.0	267.0	267.0	267.0	0.0427807486631016	0.04144385026737968	0.04946524064171123	0.178475935828877	0.178475935828877	0.178475935828877	0.178475935828877	0.178475935828877	0.178475935828877
Lang	35	1.0	1.0	1.0	496.0	496.0	496.0	496.0	496.0	496.0	0.0006226650062266501	0.0006226650062266501	0.0006226650062266501	0.30884184308841844	0.30884184308841844	0.30884184308841844	0.30884184308841844	0.30884184308841844	0.30884184308841844
Lang	36	161.5	161.5	161.5	161.5	161.5	161.5	161.5	161.5	161.5	0.05963810930576071	0.05963810930576071	0.05963810930576071	0.05963810930576071	0.05963810930576071	0.05963810930576071	0.05963810930576071	0.05963810930576071	0.05963810930576071
Lang	37	4.0	4.0	4.0	4.0	4.0	4.0	4.0	4.0	4.0	0.0025252525252525255	0.0025252525252525255	0.0025252525252525255	0.0025252525252525255	0.0025252525252525255	0.0025252525252525255	0.0025252525252525255	0.0025252525252525255	0.0025252525252525255
Lang	38	4.0	4.0	4.0	4.0	4.0	4.0	4.0	4.0	4.0	0.003988035892323031	0.003988035892323031	0.003988035892323031	0.003988035892323031	0.003988035892323031	0.003988035892323031	0.003988035892323031	0.003988035892323031	0.003988035892323031
Lang	39	35.5	35.5	35.5	35.5	35.5	35.5	35.5	35.5	35.5	0.019335511982570806	0.019335511982570806	0.019335511982570806	0.019335511982570806	0.019335511982570806	0.019335511982570806	0.019335511982570806	0.019335511982570806	0.019335511982570806
Lang	4	13.0	13.0	13.0	13.0	13.0	13.0	69.0	69.0	69.0	0.11304347826086956	0.11304347826086956	0.11304347826086956	0.11304347826086956	0.11304347826086956	0.11304347826086956	0.6	0.6	0.6
Lang	40	2.0	2.0	2.0	2.0	2.0	2.0	2.0	2.0	2.0	0.0011123470522803114	0.0011123470522803114	0.0011123470522803114	0.0011123470522803114	0.0011123470522803114	0.0011123470522803114	0.0011123470522803114	0.0011123470522803114	0.0011123470522803114
Lang	41	6.0	6.0	6.0	17.0	17.0	17.0	245.0	245.0	245.0	0.013636363636363636	0.013636363636363636	0.013636363636363636	0.038636363636363635	0.038636363636363635	0.038636363636363635	0.5568181818181818	0.5568181818181818	0.5568181818181818
Lang	42	3.0	3.0	3.0	11.0	11.0	11.0	11.0	11.0	11.0	0.002542372881355932	0.002542372881355932	0.002542372881355932	0.009322033898305085	0.009322033898305085	0.009322033898305085	0.009322033898305085	0.009322033898305085	0.009322033898305085
Lang	43	3.0	3.0	3.0	3.0	3.0	3.0	3.0	3.0	3.0	0.005484460694698354	0.005484460694698354	0.005484460694698354	0.005484460694698354	0.005484460694698354	0.005484460694698354	0.005484460694698354	0.005484460694698354	0.005484460694698354
Lang	44	5.0	5.0	5.0	5.0	5.0	5.0	5.0	5.0	5.0	0.015105740181268883	0.015105740181268883	0.015105740181268883	0.015105740181268883	0.015105740181268883	0.015105740181268883	0.015105740181268883	0.015105740181268883	0.015105740181268883
Lang	45	1.0	1.0	1.0	1.0	1.0	1.0	1.0	1.0	1.0	0.0004847309743092584	0.0004847309743092584	0.0004847309743092584	0.0004847309743092584	0.0004847309743092584	0.0004847309743092584	0.0004847309743092584	0.0004847309743092584	0.0004847309743092584
Lang	46	1.0	1.0	1.0	139.5	139.5	139.5	230.0	230.0	230.0	0.00228310502283105	0.00228310502283105	0.00228310502283105	0.3184931506849315	0.3184931506849315	0.3184931506849315	0.5251141552511416	0.5251141552511416	0.5251141552511416
Lang	47	19.5	19.5	19.5	19.5	19.5	19.5	19.5	19.5	19.5	0.011149228130360206	0.011149228130360206	0.011149228130360206	0.011149228130360206	0.011149228130360206	0.011149228130360206	0.011149228130360206	0.011149228130360206	0.011149228130360206
Lang	48	2.0	2.0	2.0	2.0	2.0	2.0	2.0	2.0	2.0	0.005361930294906166	0.005361930294906166	0.005361930294906166	0.005361930294906166	0.005361930294906166	0.005361930294906166	0.005361930294906166	0.005361930294906166	0.005361930294906166
Lang	49	2.0	2.0	2.0	2.0	2.0	2.0	2.0	2.0	2.0	0.004672897196261682	0.004672897196261682	0.004672897196261682	0.004672897196261682	0.004672897196261682	0.004672897196261682	0.004672897196261682	0.004672897196261682	0.004672897196261682
Lang	5	1.0	1.0	1.0	1.0	1.0	1.0	1.0	1.0	1.0	0.007142857142857143	0.007142857142857143	0.007142857142857143	0.007142857142857143	0.007142857142857143	0.007142857142857143	0.007142857142857143	0.007142857142857143	0.007142857142857143
Lang	50	12.0	12.0	12.0	33.5	32.0	33.5	122.5	122.5	122.5	0.014527845036319613	0.014527845036319613	0.014527845036319613	0.04055690072639225	0.0387409200968523	0.04055690072639225	0.1483050847457627	0.1483050847457627	0.1483050847457627
Lang	51	2.0	2.0	2.0	2.0	2.0	2.0	2.0	2.0	2.0	0.006872852233676976	0.006872852233676976	0.006872852233676976	0.006872852233676976	0.006872852233676976	0.006872852233676976	0.006872852233676976	0.006872852233676976	0.006872852233676976
Lang	52	16.0	16.0	16.0	16.0	16.0	16.0	16.0	16.0	16.0	0.04336043360433604	0.04336043360433604	0.04336043360433604	0.04336043360433604	0.04336043360433604	0.04336043360433604	0.04336043360433604	0.04336043360433604	0.04336043360433604
Lang	53	13.0	13.0	13.0	124.5	124.5	124.5	124.5	124.5	124.5	0.03333333333333333	0.03333333333333333	0.03333333333333333	0.3192307692307692	0.3192307692307692	0.3192307692307692	0.3192307692307692	0.3192307692307692	0.3192307692307692
Lang	54	1.0	1.0	1.0	1.0	1.0	1.0	1.0	1.0	1.0	0.007462686567164179	0.007462686567164179	0.007462686567164179	0.007462686567164179	0.007462686567164179	0.007462686567164179	0.007462686567164179	0.007462686567164179	0.007462686567164179
Lang	55	9.0	9.0	9.0	16.0	16.0	16.0	16.0	16.0	16.0	0.0967741935483871	0.0967741935483871	0.0967741935483871	0.17204301075268819	0.17204301075268819	0.17204301075268819	0.17204301075268819	0.17204301075268819	0.17204301075268819
Lang	56	81.5	81.5	81.5	567.0	567.0	567.0	567.0	567.0	567.0	0.0818273092369478	0.0818273092369478	0.0818273092369478	0.5692771084337349	0.5692771084337349	0.5692771084337349	0.5692771084337349	0.5692771084337349	0.5692771084337349
Lang	57	1.0	1.0	1.0	1.0	1.0	1.0	1.0	1.0	1.0	0.0031847133757961785	0.0031847133757961785	0.0031847133757961785	0.0031847133757961785	0.0031847133757961785	0.0031847133757961785	0.0031847133757961785	0.0031847133757961785	0.0031847133757961785
Lang	58	27.0	27.0	27.0	27.0	27.0	27.0	27.0	27.0	27.0	0.011899515204936095	0.011899515204936095	0.011899515204936095	0.011899515204936095	0.011899515204936095	0.011899515204936095	0.011899515204936095	0.011899515204936095	0.011899515204936095
Lang	59	1.0	1.0	1.0	1.0	1.0	1.0	1.0	1.0	1.0	0.000655307994757536	0.000655307994757536	0.000655307994757536	0.000655307994757536	0.000655307994757536	0.000655307994757536	0.000655307994757536	0.000655307994757536	0.000655307994757536
Lang	6	72.0	72.0	72.0	72.0	72.0	72.0	72.0	72.0	72.0	0.014305583151202067	0.014305583151202067	0.014305583151202067	0.014305583151202067	0.014305583151202067	0.014305583151202067	0.014305583151202067	0.014305583151202067	0.014305583151202067
Lang	60	6.0	6.0	6.0	513.0	513.0	513.0	513.0	513.0	513.0	0.003629764065335753	0.003629764065335753	0.003629764065335753	0.3103448275862069	0.3103448275862069	0.3103448275862069	0.3103448275862069	0.3103448275862069	0.3103448275862069
Lang	61	27.0	26.0	27.0	27.0	26.0	27.0	27.0	26.0	27.0	0.016333938294010888	0.01572897761645493	0.016333938294010888	0.016333938294010888	0.01572897761645493	0.016333938294010888	0.016333938294010888	0.01572897761645493	0.016333938294010888
Lang	62	6.0	6.0	6.0	219.0	219.0	219.0	440.0	440.0	440.0	0.007702182284980745	0.007702182284980745	0.007702182284980745	0.2811296534017972	0.2811296534017972	0.2811296534017972	0.5648267008985879	0.5648267008985879	0.5648267008985879
Lang	63	2.0	2.0	2.0	28.5	28.5	28.5	1004.0	1004.0	1004.0	0.0010565240359218173	0.0010565240359218173	0.0010565240359218173	0.015055467511885896	0.015055467511885896	0.015055467511885896	0.5303750660327522	0.5303750660327522	0.5303750660327522
Lang	64	1.0	1.0	1.0	1038.0	1038.0	1038.0	1038.0	1038.0	1038.0	0.0004916420845624386	0.0004916420845624386	0.0004916420845624386	0.5103244837758112	0.5103244837758112	0.5103244837758112	0.5103244837758112	0.5103244837758112	0.5103244837758112
Lang	65	4.0	4.0	4.0	191.5	191.5	191.5	191.5	191.5	191.5	0.011111111111111112	0.011111111111111112	0.011111111111111112	0.5319444444444444	0.5319444444444444	0.5319444444444444	0.5319444444444444	0.5319444444444444	0.5319444444444444
Lang	7	22.5	22.5	22.5	149.0	149.0	149.0	149.0	149.0	149.0	0.007403751233958539	0.007403751233958539	0.007403751233958539	0.04902928594932544	0.04902928594932544	0.04902928594932544	0.04902928594932544	0.04902928594932544	0.04902928594932544
Lang	8	11.0	11.0	11.0	12.0	12.0	12.0	848.0	848.0	848.0	0.007976794778825236	0.007976794778825236	0.007976794778825236	0.00870195794053662	0.00870195794053662	0.00870195794053662	0.6149383611312546	0.6149383611312546	0.6149383611312546
Lang	9	63.0	64.0	62.0	63.0	64.0	62.0	63.0	64.0	62.0	0.043478260869565216	0.04416839199447895	0.04278812974465148	0.043478260869565216	0.04416839199447895	0.04278812974465148	0.043478260869565216	0.04416839199447895	0.04278812974465148
Math	1	5.0	4.0	6.0	29.0	25.0	29.0	29.0	25.0	29.0	0.0012607160867372667	0.0010085728693898135	0.0015128593040847202	0.007312153303076148	0.006303580433686334	0.007312153303076148	0.007312153303076148	0.006303580433686334	0.007312153303076148
Math	10	11.0	11.0	11.0	11.0	11.0	11.0	11.0	11.0	11.0	0.003089887640449438	0.003089887640449438	0.003089887640449438	0.003089887640449438	0.003089887640449438	0.003089887640449438	0.003089887640449438	0.003089887640449438	0.003089887640449438
Math	100	5.0	5.0	5.0	432.0	432.0	432.0	432.0	432.0	432.0	0.004317789291882556	0.004317789291882556	0.004317789291882556	0.37305699481865284	0.37305699481865284	0.37305699481865284	0.37305699481865284	0.37305699481865284	0.37305699481865284
Math	101	15.0	15.0	15.0	15.0	15.0	15.0	15.0	15.0	15.0	0.0625	0.0625	0.0625	0.0625	0.0625	0.0625	0.0625	0.0625	0.0625
Math	102	2.0	2.0	2.0	2.0	3.0	2.0	3.0	3.0	3.0	0.0009345794392523365	0.0009345794392523365	0.0009345794392523365	0.0009345794392523365	0.0014018691588785046	0.0009345794392523365	0.0014018691588785046	0.0014018691588785046	0.0014018691588785046
Math	103	30.0	30.0	30.0	30.0	30.0	30.0	30.0	30.0	30.0	0.05747126436781609	0.05747126436781609	0.05747126436781609	0.05747126436781609	0.05747126436781609	0.05747126436781609	0.05747126436781609	0.05747126436781609	0.05747126436781609
Math	104	5.0	5.0	5.0	5.0	5.0	5.0	5.0	5.0	5.0	0.014970059880239521	0.014970059880239521	0.014970059880239521	0.014970059880239521	0.014970059880239521	0.014970059880239521	0.014970059880239521	0.014970059880239521	0.014970059880239521
Math	105	13.0	13.0	13.0	13.0	13.0	13.0	13.0	13.0	13.0	0.10077519379844961	0.10077519379844961	0.10077519379844961	0.10077519379844961	0.10077519379844961	0.10077519379844961	0.10077519379844961	0.10077519379844961	0.10077519379844961
Math	106	8.0	8.0	8.0	19.0	19.0	19.0	19.0	19.0	19.0	0.024024024024024024	0.024024024024024024	0.024024024024024024	0.057057057057057055	0.057057057057057055	0.057057057057057055	0.057057057057057055	0.057057057057057055	0.057057057057057055
Math	11	300.5	300.5	300.5	300.5	300.5	300.5	300.5	300.5	300.5	0.01602495733788396	0.01602495733788396	0.01602495733788396	0.01602495733788396	0.01602495733788396	0.01602495733788396	0.01602495733788396	0.01602495733788396	0.01602495733788396
Math	12	5389.5	5389.5	5389.5	5389.5	5389.5	5389.5	5389.5	5389.5	5389.5	0.521530868976195	0.521530868976195	0.521530868976195	0.521530868976195	0.521530868976195	0.521530868976195	0.521530868976195	0.521530868976195	0.521530868976195
Math	13	133.0	133.0	133.0	133.0	133.0	133.0	133.0	133.0	133.0	0.009740021969974368	0.009740021969974368	0.009740021969974368	0.009740021969974368	0.009740021969974368	0.009740021969974368	0.009740021969974368	0.009740021969974368	0.009740021969974368
Math	14	43.0	43.0	43.0	3392.0	3392.0	3392.0	6076.5	6076.5	6076.5	0.0035875187719005505	0.0035875187719005505	0.0035875187719005505	0.2829968296345737	0.2829968296345737	0.2829968296345737	0.5069664608710162	0.5069664608710162	0.5069664608710162
Math	15	2.0	2.0	2.0	5612.0	5612.0	5612.0	5612.0	5612.0	5612.0	0.00019179133103183735	0.00019179133103183735	0.00019179133103183735	0.5381664748753356	0.5381664748753356	0.5381664748753356	0.5381664748753356	0.5381664748753356	0.5381664748753356
Math	16	4.0	4.0	4.0	39.0	38.0	41.0	5557.0	5557.0	5557.0	0.0003842828321644731	0.0003842828321644731	0.0003842828321644731	0.0037467576136036122	0.003650686905562494	0.0039388990296858484	0.5338649245844942	0.5338649245844942	0.5338649245844942
Math	17	386.0	386.0	386.0	386.0	386.0	386.0	386.0	386.0	386.0	0.20932754880694143	0.20932754880694143	0.20932754880694143	0.20932754880694143	0.20932754880694143	0.20932754880694143	0.20932754880694143	0.20932754880694143	0.20932754880694143
Math	18	3.0	3.0	3.0	9972.0	9972.0	9972.0	9972.0	9972.0	9972.0	0.00015929485477619073	0.00015929485477619073	0.00015929485477619073	0.529496097276058	0.529496097276058	0.529496097276058	0.529496097276058	0.529496097276058	0.529496097276058
Math	19	366.0	366.0	366.0	366.0	366.0	366.0	366.0	366.0	366.0	0.07774001699235344	0.07774001699235344	0.07774001699235344	0.07774001699235344	0.07774001699235344	0.07774001699235344	0.07774001699235344	0.07774001699235344	0.07774001699235344
Math	2	93.5	93.5	93.5	93.5	93.5	93.5	93.5	93.5	93.5	0.009733499895898397	0.009733499895898397	0.009733499895898397	0.009733499895898397	0.009733499895898397	0.009733499895898397	0.009733499895898397	0.009733499895898397	0.009733499895898397
Math	20	575.5	575.5	575.5	575.5	575.5	575.5	575.5	575.5	575.5	0.030758952431854624	0.030758952431854624	0.030758952431854624	0.030758952431854624	0.030758952431854624	0.030758952431854624	0.030758952431854624	0.030758952431854624	0.030758952431854624
Math	21	6.0	6.0	6.0	54.0	54.0	54.0	143.0	143.0	143.0	0.0006460643910843114	0.0006460643910843114	0.0006460643910843114	0.005814579519758802	0.005814579519758802	0.005814579519758802	0.015397867987509422	0.015397867987509422	0.015397867987509422
Math	22	1.0	1.0	1.0	5.0	5.0	5.0	5.0	5.0	5.0	9.864851533984413e-05	9.864851533984413e-05	9.864851533984413e-05	0.0004932425766992207	0.0004932425766992207	0.0004932425766992207	0.0004932425766992207	0.0004932425766992207	0.0004932425766992207
Math	23	41.0	41.0	41.0	184.0	184.0	184.0	1329.0	1329.0	1329.0	0.010371869466228182	0.010371869466228182	0.010371869466228182	0.046546926385024036	0.046546926385024036	0.046546926385024036	0.33620035416139643	0.33620035416139643	0.33620035416139643
Math	24	71.0	71.0	71.0	1329.5	1329.5	1329.5	1329.5	1329.5	1329.5	0.018052377320111872	0.018052377320111872	0.018052377320111872	0.3380371217899822	0.3380371217899822	0.3380371217899822	0.3380371217899822	0.3380371217899822	0.3380371217899822
Math	25	2.0	2.0	2.0	2.0	2.0	2.0	2.0	2.0	2.0	0.0024813895781637717	0.0024813895781637717	0.0024813895781637717	0.0024813895781637717	0.0024813895781637717	0.0024813895781637717	0.0024813895781637717	0.0024813895781637717	0.0024813895781637717
Math	26	24.0	24.0	24.0	28.0	28.0	28.0	28.0	28.0	28.0	0.006624344465912227	0.006624344465912227	0.006624344465912227	0.007728401876897599	0.007728401876897599	0.007728401876897599	0.007728401876897599	0.007728401876897599	0.007728401876897599
Math	27	2.0	2.0	2.0	2.0	2.0	2.0	2.0	2.0	2.0	0.0006414368184733803	0.0006414368184733803	0.0006414368184733803	0.0006414368184733803	0.0006414368184733803	0.0006414368184733803	0.0006414368184733803	0.0006414368184733803	0.0006414368184733803
Math	28	22.0	22.0	22.0	33.0	33.0	33.0	33.0	33.0	33.0	0.0021284829721362228	0.0021284829721362228	0.0021284829721362228	0.0031927244582043344	0.0031927244582043344	0.0031927244582043344	0.0031927244582043344	0.0031927244582043344	0.0031927244582043344
Math	29	2.0	2.0	3.0	10.0	10.0	12.0	156.0	156.0	156.0	0.00035161744022503517	0.00035161744022503517	0.0005274261603375527	0.0017580872011251757	0.0017580872011251757	0.002109704641350211	0.027426160337552744	0.027426160337552744	0.027426160337552744
Math	3	7.0	7.0	7.0	7.0	7.0	7.0	7.0	7.0	7.0	0.007276507276507277	0.007276507276507277	0.007276507276507277	0.007276507276507277	0.007276507276507277	0.007276507276507277	0.007276507276507277	0.007276507276507277	0.007276507276507277
Math	30	24.5	24.5	24.5	24.5	24.5	24.5	24.5	24.5	24.5	0.0023119750872888554	0.0023119750872888554	0.0023119750872888554	0.0023119750872888554	0.0023119750872888554	0.0023119750872888554	0.0023119750872888554	0.0023119750872888554	0.0023119750872888554
Math	31	99.0	105.0	81.0	1762.5	1762.5	1762.5	5938.5	5938.5	5938.5	0.008694888459511682	0.009221851396451783	0.007113999648691375	0.15479536272615493	0.15479536272615493	0.15479536272615493	0.5215615668364658	0.5215615668364658	0.5215615668364658
Math	32	64.5	64.5	64.5	64.5	64.5	64.5	64.5	64.5	64.5	0.0095329589122081	0.0095329589122081	0.0095329589122081	0.0095329589122081	0.0095329589122081	0.0095329589122081	0.0095329589122081	0.0095329589122081	0.0095329589122081
Math	33	51.0	51.0	51.0	51.0	51.0	51.0	51.0	51.0	51.0	0.005104594134721249	0.005104594134721249	0.005104594134721249	0.005104594134721249	0.005104594134721249	0.005104594134721249	0.005104594134721249	0.005104594134721249	0.005104594134721249
Math	34	1.0	1.0	1.0	1.0	1.0	1.0	1.0	1.0	1.0	0.002008032128514056	0.002008032128514056	0.002008032128514056	0.002008032128514056	0.002008032128514056	0.002008032128514056	0.002008032128514056	0.002008032128514056	0.002008032128514056
Math	35	6.0	6.0	6.0	11.0	11.0	11.0	11.0	11.0	11.0	0.0075	0.0075	0.0075	0.01375	0.01375	0.01375	0.01375	0.01375	0.01375
Math	36	1.0	1.0	1.0	3.0	3.0	3.0	3.0	3.0	3.0	0.000968054211035818	0.000968054211035818	0.000968054211035818	0.002904162633107454	0.002904162633107454	0.002904162633107454	0.002904162633107454	0.002904162633107454	0.002904162633107454
Math	37	1.0	1.0	1.0	14.0	12.0	17.0	56.0	66.0	49.0	0.00011376564277588168	0.00011376564277588168	0.00011376564277588168	0.0015927189988623437	0.0013651877133105802	0.0019340159271899887	0.006370875995449375	0.007508532423208191	0.005574516496018203
Math	38	2.0	2.0	2.0	15.0	15.0	15.0	2693.0	2693.0	2693.0	0.0002289639381797367	0.0002289639381797367	0.0002289639381797367	0.0017172295363480253	0.0017172295363480253	0.0017172295363480253	0.30829994275901546	0.30829994275901546	0.30829994275901546
Math	39	289.0	289.0	289.0	289.0	289.0	289.0	289.0	289.0	289.0	0.028195121951219513	0.028195121951219513	0.028195121951219513	0.028195121951219513	0.028195121951219513	0.028195121951219513	0.028195121951219513	0.028195121951219513	0.028195121951219513
Math	4	2.0	2.0	2.0	12.0	11.0	12.0	12.0	11.0	12.0	0.00036900369003690036	0.00036900369003690036	0.00036900369003690036	0.002214022140221402	0.002029520295202952	0.002214022140221402	0.002214022140221402	0.002029520295202952	0.002214022140221402
Math	40	126.5	126.5	126.5	1099.0	1099.0	1099.0	1099.0	1099.0	1099.0	0.03787425149700599	0.03787425149700599	0.03787425149700599	0.32904191616766465	0.32904191616766465	0.32904191616766465	0.32904191616766465	0.32904191616766465	0.32904191616766465
Math	41	14.0	14.0	14.0	14.0	14.0	14.0	14.0	14.0	14.0	0.004740941415509651	0.004740941415509651	0.004740941415509651	0.004740941415509651	0.004740941415509651	0.004740941415509651	0.004740941415509651	0.004740941415509651	0.004740941415509651
Math	42	67.0	67.0	67.0	236.5	236.5	236.5	236.5	236.5	236.5	0.006730962427164959	0.006730962427164959	0.006730962427164959	0.02375929274663452	0.02375929274663452	0.02375929274663452	0.02375929274663452	0.02375929274663452	0.02375929274663452
Math	43	105.0	110.0	96.0	221.0	221.0	221.0	221.0	221.0	221.0	0.010630758327427357	0.011136984914447708	0.009719550470790726	0.022375215146299483	0.022375215146299483	0.022375215146299483	0.022375215146299483	0.022375215146299483	0.022375215146299483
Math	44	13.0	13.0	13.0	474.5	474.5	474.5	1856.0	1856.0	1856.0	0.0011562750155652405	0.0011562750155652405	0.0011562750155652405	0.042204038068131285	0.042204038068131285	0.042204038068131285	0.16508049452992973	0.16508049452992973	0.16508049452992973
Math	45	1.0	1.0	1.0	1.0	1.0	1.0	1.0	1.0	1.0	0.00036310820624546115	0.00036310820624546115	0.00036310820624546115	0.00036310820624546115	0.00036310820624546115	0.00036310820624546115	0.00036310820624546115	0.00036310820624546115	0.00036310820624546115
Math	46	3.0	8.0	1.0	1515.5	1515.5	1515.5	1515.5	1515.5	1515.5	0.0007274490785645005	0.0019398642095053346	0.00024248302618816683	0.3674830261881668	0.3674830261881668	0.3674830261881668	0.3674830261881668	0.3674830261881668	0.3674830261881668
Math	47	3.0	2.0	1.0	3.0	2.0	1.0	1540.0	1540.0	1540.0	0.000727802037845706	0.00048520135856380397	0.00024260067928190198	0.000727802037845706	0.00048520135856380397	0.00024260067928190198	0.3736050460941291	0.3736050460941291	0.3736050460941291
Math	48	412.5	412.5	412.5	412.5	412.5	412.5	412.5	412.5	412.5	0.08451137062077443	0.08451137062077443	0.08451137062077443	0.08451137062077443	0.08451137062077443	0.08451137062077443	0.08451137062077443	0.08451137062077443	0.08451137062077443
Math	49	5.0	5.0	5.0	1835.0	1835.0	1835.0	1835.0	1835.0	1835.0	0.0009838646202282567	0.0009838646202282567	0.0009838646202282567	0.3610783156237702	0.3610783156237702	0.3610783156237702	0.3610783156237702	0.3610783156237702	0.3610783156237702
Math	5	2.0	2.0	2.0	2.0	2.0	2.0	2.0	2.0	2.0	0.0038022813688212928	0.0038022813688212928	0.0038022813688212928	0.0038022813688212928	0.0038022813688212928	0.0038022813688212928	0.0038022813688212928	0.0038022813688212928	0.0038022813688212928
Math	50	1.0	1.0	1.0	3.0	3.0	3.0	5.0	5.0	5.0	0.00020610057708161583	0.00020610057708161583	0.00020610057708161583	0.0006183017312448475	0.0006183017312448475	0.0006183017312448475	0.001030502885408079	0.001030502885408079	0.001030502885408079
Math	51	29.0	29.0	29.0	29.0	29.0	29.0	29.0	29.0	29.0	0.006645279560036663	0.006645279560036663	0.006645279560036663	0.006645279560036663	0.006645279560036663	0.006645279560036663	0.006645279560036663	0.006645279560036663	0.006645279560036663
Math	52	9.0	9.0	9.0	1680.5	1680.5	1680.5	1680.5	1680.5	1680.5	0.001982378854625551	0.001982378854625551	0.001982378854625551	0.3701541850220264	0.3701541850220264	0.3701541850220264	0.3701541850220264	0.3701541850220264	0.3701541850220264
Math	53	2.0	2.0	2.0	2.0	2.0	2.0	2.0	2.0	2.0	0.0012492192379762648	0.0012492192379762648	0.0012492192379762648	0.0012492192379762648	0.0012492192379762648	0.0012492192379762648	0.0012492192379762648	0.0012492192379762648	0.0012492192379762648
Math	54	11.0	11.0	11.0	362.0	362.0	362.0	362.0	362.0	362.0	0.0027007120058924624	0.0027007120058924624	0.0027007120058924624	0.08887797692118832	0.08887797692118832	0.08887797692118832	0.08887797692118832	0.08887797692118832	0.08887797692118832
Math	55	1.0	1.0	1.0	1.0	1.0	1.0	1.0	1.0	1.0	0.00034223134839151266	0.00034223134839151266	0.00034223134839151266	0.00034223134839151266	0.00034223134839151266	0.00034223134839151266	0.00034223134839151266	0.00034223134839151266	0.00034223134839151266
Math	56	4.5	4.5	4.5	7.0	7.0	7.0	192.5	192.5	192.5	0.0011655011655011655	0.0011655011655011655	0.0011655011655011655	0.001813001813001813	0.001813001813001813	0.001813001813001813	0.04985754985754986	0.04985754985754986	0.04985754985754986
Math	57	8.0	8.0	8.0	8.0	8.0	8.0	8.0	8.0	8.0	0.001999500124968758	0.001999500124968758	0.001999500124968758	0.001999500124968758	0.001999500124968758	0.001999500124968758	0.001999500124968758	0.001999500124968758	0.001999500124968758
Math	58	629.0	629.0	629.0	629.0	629.0	629.0	629.0	629.0	629.0	0.14831407686866305	0.14831407686866305	0.14831407686866305	0.14831407686866305	0.14831407686866305	0.14831407686866305	0.14831407686866305	0.14831407686866305	0.14831407686866305
Math	59	1.0	1.0	1.0	1.0	1.0	1.0	1.0	1.0	1.0	0.0002413709872073377	0.0002413709872073377	0.0002413709872073377	0.0002413709872073377	0.0002413709872073377	0.0002413709872073377	0.0002413709872073377	0.0002413709872073377	0.0002413709872073377
Math	6	253.0	244.0	285.0	1564.5	1564.5	1564.5	5965.5	5965.5	5965.5	0.011221005011753226	0.010821838825564376	0.012640262562646915	0.06938838869916175	0.06938838869916175	0.06938838869916175	0.2645806537455094	0.2645806537455094	0.2645806537455094
Math	60	17.0	17.0	17.0	1283.5	1283.5	1283.5	1867.5	1867.5	1867.5	0.005221130221130221	0.005221130221130221	0.005221130221130221	0.3941953316953317	0.3941953316953317	0.3941953316953317	0.5735565110565111	0.5735565110565111	0.5735565110565111
Math	61	331.0	331.0	331.0	2145.0	2145.0	2145.0	2145.0	2145.0	2145.0	0.08967759414792739	0.08967759414792739	0.08967759414792739	0.5811433215930643	0.5811433215930643	0.5811433215930643	0.5811433215930643	0.5811433215930643	0.5811433215930643
Math	62	234.5	234.5	234.5	234.5	234.5	234.5	234.5	234.5	234.5	0.06451169188445667	0.06451169188445667	0.06451169188445667	0.06451169188445667	0.06451169188445667	0.06451169188445667	0.06451169188445667	0.06451169188445667	0.06451169188445667
Math	63	1.0	1.0	1.0	1.0	1.0	1.0	1.0	1.0	1.0	0.00037105751391465676	0.00037105751391465676	0.00037105751391465676	0.00037105751391465676	0.00037105751391465676	0.00037105751391465676	0.00037105751391465676	0.00037105751391465676	0.00037105751391465676
Math	64	16.0	16.0	16.0	224.0	224.0	224.0	844.0	844.0	844.0	0.01224177505738332	0.01224177505738332	0.01224177505738332	0.1713848508033665	0.1713848508033665	0.1713848508033665	0.6457536342769702	0.6457536342769702	0.6457536342769702
Math	65	70.0	70.0	70.0	242.5	242.5	242.5	242.5	242.5	242.5	0.009915014164305949	0.009915014164305949	0.009915014164305949	0.03434844192634561	0.03434844192634561	0.03434844192634561	0.03434844192634561	0.03434844192634561	0.03434844192634561
Math	66	384.5	384.5	384.5	384.5	384.5	384.5	1980.0	1980.0	1980.0	0.11511976047904192	0.11511976047904192	0.11511976047904192	0.11511976047904192	0.11511976047904192	0.11511976047904192	0.592814371257485	0.592814371257485	0.592814371257485
Math	67	242.5	242.5	242.5	556.0	556.0	556.0	556.0	556.0	556.0	0.1920031670625495	0.1920031670625495	0.1920031670625495	0.440221694378464	0.440221694378464	0.440221694378464	0.440221694378464	0.440221694378464	0.440221694378464
Math	68	224.0	224.0	224.0	224.0	224.0	224.0	498.5	498.5	498.5	0.1919451585261354	0.1919451585261354	0.1919451585261354	0.1919451585261354	0.1919451585261354	0.1919451585261354	0.4271636675235647	0.4271636675235647	0.4271636675235647
Math	69	154.5	154.5	154.5	154.5	154.5	154.5	154.5	154.5	154.5	0.023384289390040867	0.023384289390040867	0.023384289390040867	0.023384289390040867	0.023384289390040867	0.023384289390040867	0.023384289390040867	0.023384289390040867	0.023384289390040867
Math	7	46.0	46.0	46.0	1954.0	1954.0	1954.0	1954.0	1954.0	1954.0	0.004055364542008287	0.004055364542008287	0.004055364542008287	0.17226483293661288	0.17226483293661288	0.17226483293661288	0.17226483293661288	0.17226483293661288	0.17226483293661288
Math	70	1.0	1.0	1.0	1.0	1.0	1.0	1.0	1.0	1.0	0.0022727272727272726	0.0022727272727272726	0.0022727272727272726	0.0022727272727272726	0.0022727272727272726	0.0022727272727272726	0.0022727272727272726	0.0022727272727272726	0.0022727272727272726
Math	71	2.0	2.0	2.0	11.0	10.0	13.0	11.0	10.0	13.0	0.0008756567425569177	0.0008756567425569177	0.0008756567425569177	0.004816112084063047	0.0043782837127845885	0.005691768826619965	0.004816112084063047	0.0043782837127845885	0.005691768826619965
Math	72	8.0	8.0	8.0	146.5	146.5	146.5	146.5	146.5	146.5	0.016771488469601678	0.016771488469601678	0.016771488469601678	0.30712788259958074	0.30712788259958074	0.30712788259958074	0.30712788259958074	0.30712788259958074	0.30712788259958074
Math	73	12.0	12.0	12.0	12.0	12.0	12.0	12.0	12.0	12.0	0.017118402282453638	0.017118402282453638	0.017118402282453638	0.017118402282453638	0.017118402282453638	0.017118402282453638	0.017118402282453638	0.017118402282453638	0.017118402282453638
Math	74	603.0	603.0	603.0	2881.5	2881.5	2881.5	5136.0	5136.0	5136.0	0.06575073601570167	0.06575073601570167	0.06575073601570167	0.3141969250899575	0.3141969250899575	0.3141969250899575	0.5600261694471704	0.5600261694471704	0.5600261694471704
Math	75	1.0	1.0	1.0	1.0	1.0	1.0	1.0	1.0	1.0	0.004166666666666667	0.004166666666666667	0.004166666666666667	0.004166666666666667	0.004166666666666667	0.004166666666666667	0.004166666666666667	0.004166666666666667	0.004166666666666667
Math	76	1.0	1.0	1.0	2835.0	2835.0	2835.0	4959.0	4959.0	4959.0	0.00010676916506512919	0.00010676916506512919	0.00010676916506512919	0.30269058295964124	0.30269058295964124	0.30269058295964124	0.5294682895579756	0.5294682895579756	0.5294682895579756
Math	77	19.0	19.0	19.0	106.5	106.5	106.5	4455.0	4455.0	4455.0	0.002165488944609072	0.002165488944609072	0.002165488944609072	0.01213813540004559	0.01213813540004559	0.01213813540004559	0.5077501709596535	0.5077501709596535	0.5077501709596535
Math	78	46.0	46.0	46.0	46.0	46.0	46.0	46.0	46.0	46.0	0.04925053533190578	0.04925053533190578	0.04925053533190578	0.04925053533190578	0.04925053533190578	0.04925053533190578	0.04925053533190578	0.04925053533190578	0.04925053533190578
Math	79	12.0	12.0	12.0	37.5	37.5	37.5	37.5	37.5	37.5	0.012903225806451613	0.012903225806451613	0.012903225806451613	0.04032258064516129	0.04032258064516129	0.04032258064516129	0.04032258064516129	0.04032258064516129	0.04032258064516129
Math	8	3.0	3.0	3.0	1076.5	1076.5	1076.5	1076.5	1076.5	1076.5	0.0014792899408284023	0.0014792899408284023	0.0014792899408284023	0.5308185404339251	0.5308185404339251	0.5308185404339251	0.5308185404339251	0.5308185404339251	0.5308185404339251
Math	80	69.0	69.0	69.0	69.0	69.0	69.0	69.0	69.0	69.0	0.00847457627118644	0.00847457627118644	0.00847457627118644	0.00847457627118644	0.00847457627118644	0.00847457627118644	0.00847457627118644	0.00847457627118644	0.00847457627118644
Math	81	46.0	46.0	46.0	2453.0	2453.0	2453.0	2453.0	2453.0	2453.0	0.0056504114973590465	0.0056504114973590465	0.0056504114973590465	0.3013143348482987	0.3013143348482987	0.3013143348482987	0.3013143348482987	0.3013143348482987	0.3013143348482987
Math	82	138.0	138.0	138.0	138.0	138.0	138.0	138.0	138.0	138.0	0.032639545884579	0.032639545884579	0.032639545884579	0.032639545884579	0.032639545884579	0.032639545884579	0.032639545884579	0.032639545884579	0.032639545884579
Math	83	69.0	69.0	69.0	174.5	174.5	174.5	174.5	174.5	174.5	0.016323633782824698	0.016323633782824698	0.016323633782824698	0.04128223326236101	0.04128223326236101	0.04128223326236101	0.04128223326236101	0.04128223326236101	0.04128223326236101
Math	84	14.0	13.0	13.0	14.0	13.0	13.0	14.0	13.0	13.0	0.026365348399246705	0.02448210922787194	0.02448210922787194	0.026365348399246705	0.02448210922787194	0.02448210922787194	0.026365348399246705	0.02448210922787194	0.02448210922787194
Math	85	79.0	79.0	79.0	79.0	79.0	79.0	79.0	79.0	79.0	0.07538167938931298	0.07538167938931298	0.07538167938931298	0.07538167938931298	0.07538167938931298	0.07538167938931298	0.07538167938931298	0.07538167938931298	0.07538167938931298
Math	86	44.0	50.0	40.0	843.5	843.5	843.5	1680.5	1680.5	1680.5	0.013893274392169246	0.015787811809283233	0.012630249447426587	0.26634038522260817	0.26634038522260817	0.26634038522260817	0.5306283549100095	0.5306283549100095	0.5306283549100095
Math	87	37.5	37.5	37.5	2232.0	2232.0	2232.0	2232.0	2232.0	2232.0	0.008905248159582047	0.008905248159582047	0.008905248159582047	0.5300403704583234	0.5300403704583234	0.5300403704583234	0.5300403704583234	0.5300403704583234	0.5300403704583234
Math	88	1.0	1.0	1.0	22.0	22.0	22.0	2239.5	2239.5	2239.5	0.00023741690408357076	0.00023741690408357076	0.00023741690408357076	0.0052231718898385565	0.0052231718898385565	0.0052231718898385565	0.5316951566951567	0.5316951566951567	0.5316951566951567
Math	89	1.0	1.0	1.0	1.0	1.0	1.0	1.0	1.0	1.0	0.005319148936170213	0.005319148936170213	0.005319148936170213	0.005319148936170213	0.005319148936170213	0.005319148936170213	0.005319148936170213	0.005319148936170213	0.005319148936170213
Math	9	3.0	3.0	3.0	3.0	3.0	3.0	3.0	3.0	3.0	0.000859106529209622	0.000859106529209622	0.000859106529209622	0.000859106529209622	0.000859106529209622	0.000859106529209622	0.000859106529209622	0.000859106529209622	0.000859106529209622
Math	90	5.0	5.0	5.0	5.0	5.0	5.0	5.0	5.0	5.0	0.02702702702702703	0.02702702702702703	0.02702702702702703	0.02702702702702703	0.02702702702702703	0.02702702702702703	0.02702702702702703	0.02702702702702703	0.02702702702702703
Math	91	1.0	1.0	1.0	3.0	3.0	3.0	3.0	3.0	3.0	0.0011312217194570137	0.0011312217194570137	0.0011312217194570137	0.003393665158371041	0.003393665158371041	0.003393665158371041	0.003393665158371041	0.003393665158371041	0.003393665158371041
Math	92	1.0	1.0	1.0	15.0	15.0	15.0	240.0	240.0	240.0	0.0022123893805309734	0.0022123893805309734	0.0022123893805309734	0.033185840707964605	0.033185840707964605	0.033185840707964605	0.5309734513274337	0.5309734513274337	0.5309734513274337
Math	93	2.0	2.0	2.0	6.0	6.0	6.0	8.0	8.0	8.0	0.0045045045045045045	0.0045045045045045045	0.0045045045045045045	0.013513513513513514	0.013513513513513514	0.013513513513513514	0.018018018018018018	0.018018018018018018	0.018018018018018018
Math	94	11.0	11.0	11.0	11.0	11.0	11.0	11.0	11.0	11.0	0.025056947608200455	0.025056947608200455	0.025056947608200455	0.025056947608200455	0.025056947608200455	0.025056947608200455	0.025056947608200455	0.025056947608200455	0.025056947608200455
Math	95	5.0	5.0	5.0	5.0	5.0	5.0	549.5	549.5	549.5	0.004985044865403789	0.004985044865403789	0.004985044865403789	0.004985044865403789	0.004985044865403789	0.004985044865403789	0.5478564307078764	0.5478564307078764	0.5478564307078764
Math	96	6.0	6.0	6.0	6.0	6.0	6.0	6.0	6.0	6.0	0.02390438247011952	0.02390438247011952	0.02390438247011952	0.02390438247011952	0.02390438247011952	0.02390438247011952	0.02390438247011952	0.02390438247011952	0.02390438247011952
Math	97	1.0	1.0	1.0	9.0	9.0	9.0	40.0	40.0	40.0	0.002331002331002331	0.002331002331002331	0.002331002331002331	0.02097902097902098	0.02097902097902098	0.02097902097902098	0.09324009324009325	0.09324009324009325	0.09324009324009325
Math	98	3.0	3.0	3.0	12.0	12.0	12.0	12.0	12.0	12.0	0.001985440105890139	0.001985440105890139	0.001985440105890139	0.007941760423560556	0.007941760423560556	0.007941760423560556	0.007941760423560556	0.007941760423560556	0.007941760423560556
Math	99	1.0	1.0	1.0	16.0	16.0	15.0	16.0	16.0	15.0	0.0015105740181268882	0.0015105740181268882	0.0015105740181268882	0.02416918429003021	0.02416918429003021	0.022658610271903322	0.02416918429003021	0.02416918429003021	0.022658610271903322
Mockito	1	1.0	1.0	1.0	1.0	1.0	1.0	1.0	1.0	1.0	0.000136332651670075	0.000136332651670075	0.000136332651670075	0.000136332651670075	0.000136332651670075	0.000136332651670075	0.000136332651670075	0.000136332651670075	0.000136332651670075
Mockito	10	9.0	9.0	9.0	2721.5	2721.5	2721.5	2721.5	2721.5	2721.5	0.0018244475978106628	0.0018244475978106628	0.0018244475978106628	0.5516926819379688	0.5516926819379688	0.5516926819379688	0.5516926819379688	0.5516926819379688	0.5516926819379688
Mockito	11	1.0	1.0	1.0	1.0	1.0	1.0	596.5	596.5	596.5	0.00036075036075036075	0.00036075036075036075	0.00036075036075036075	0.00036075036075036075	0.00036075036075036075	0.00036075036075036075	0.21518759018759018	0.21518759018759018	0.21518759018759018
Mockito	12	69.0	267.0	39.0	69.0	267.0	39.0	69.0	267.0	39.0	0.016788321167883213	0.06496350364963503	0.00948905109489051	0.016788321167883213	0.06496350364963503	0.00948905109489051	0.016788321167883213	0.06496350364963503	0.00948905109489051
Mockito	13	83.0	83.0	83.0	83.0	83.0	83.0	83.0	83.0	83.0	0.019710282593208263	0.019710282593208263	0.019710282593208263	0.019710282593208263	0.019710282593208263	0.019710282593208263	0.019710282593208263	0.019710282593208263	0.019710282593208263
Mockito	14	370.0	370.0	370.0	370.0	370.0	370.0	370.0	370.0	370.0	0.09690937663698271	0.09690937663698271	0.09690937663698271	0.09690937663698271	0.09690937663698271	0.09690937663698271	0.09690937663698271	0.09690937663698271	0.09690937663698271
Mockito	15	276.5	276.5	276.5	276.5	276.5	276.5	276.5	276.5	276.5	0.08273488928785158	0.08273488928785158	0.08273488928785158	0.08273488928785158	0.08273488928785158	0.08273488928785158	0.08273488928785158	0.08273488928785158	0.08273488928785158
Mockito	16	4.0	4.0	4.0	268.5	268.5	268.5	1838.5	1838.5	1838.5	0.0012426219322771047	0.0012426219322771047	0.0012426219322771047	0.08341099720410065	0.08341099720410065	0.08341099720410065	0.5711401056228642	0.5711401056228642	0.5711401056228642
Mockito	17	2.0	2.0	2.0	139.5	139.5	139.5	618.0	618.0	618.0	0.0007194244604316547	0.0007194244604316547	0.0007194244604316547	0.05017985611510791	0.05017985611510791	0.05017985611510791	0.2223021582733813	0.2223021582733813	0.2223021582733813
Mockito	18	1.0	1.0	1.0	1.0	1.0	1.0	1.0	1.0	1.0	0.0003399048266485384	0.0003399048266485384	0.0003399048266485384	0.0003399048266485384	0.0003399048266485384	0.0003399048266485384	0.0003399048266485384	0.0003399048266485384	0.0003399048266485384
Mockito	19	26.0	26.0	26.0	493.5	493.5	493.5	2872.0	2872.0	2872.0	0.00531588632181558	0.00531588632181558	0.00531588632181558	0.10089961153138417	0.10089961153138417	0.10089961153138417	0.5872009813943979	0.5872009813943979	0.5872009813943979
Mockito	2	16.0	16.0	16.0	16.0	16.0	16.0	16.0	16.0	16.0	0.004030226700251889	0.004030226700251889	0.004030226700251889	0.004030226700251889	0.004030226700251889	0.004030226700251889	0.004030226700251889	0.004030226700251889	0.004030226700251889
Mockito	20	252.0	257.0	217.0	252.0	261.0	217.0	3632.5	3632.5	3632.5	0.03982300884955752	0.04061314791403287	0.034292035398230086	0.03982300884955752	0.04124525916561315	0.034292035398230086	0.5740360303413401	0.5740360303413401	0.5740360303413401
Mockito	21	2.0	2.0	2.0	3.0	3.0	3.0	1483.5	1483.5	1483.5	0.0007291286912139992	0.0007291286912139992	0.0007291286912139992	0.001093693036820999	0.001093693036820999	0.001093693036820999	0.540831206707984	0.540831206707984	0.540831206707984
Mockito	22	9.0	9.0	9.0	9.0	9.0	9.0	9.0	9.0	9.0	0.0033271719038817007	0.0033271719038817007	0.0033271719038817007	0.0033271719038817007	0.0033271719038817007	0.0033271719038817007	0.0033271719038817007	0.0033271719038817007	0.0033271719038817007
Mockito	23	319.5	319.5	319.5	319.5	319.5	319.5	319.5	319.5	319.5	0.062232177639267625	0.062232177639267625	0.062232177639267625	0.062232177639267625	0.062232177639267625	0.062232177639267625	0.062232177639267625	0.062232177639267625	0.062232177639267625
Mockito	24	1.0	1.0	1.0	1.0	1.0	1.0	1.0	1.0	1.0	0.00011609008590666357	0.00011609008590666357	0.00011609008590666357	0.00011609008590666357	0.00011609008590666357	0.00011609008590666357	0.00011609008590666357	0.00011609008590666357	0.00011609008590666357
Mockito	25	56.0	50.0	58.0	355.0	355.0	355.0	4483.5	4483.5	4483.5	0.006707390106599593	0.005988741166606779	0.006946939753263864	0.04252006228290813	0.04252006228290813	0.04252006228290813	0.5370104204096299	0.5370104204096299	0.5370104204096299
Mockito	26	96.0	133.0	41.0	96.0	133.0	41.0	96.0	133.0	41.0	0.012266802964477384	0.01699463327370304	0.005238947099412215	0.012266802964477384	0.01699463327370304	0.005238947099412215	0.012266802964477384	0.01699463327370304	0.005238947099412215
Mockito	27	3.0	3.0	3.0	557.0	557.0	557.0	557.0	557.0	557.0	0.0007451564828614009	0.0007451564828614009	0.0007451564828614009	0.13835072031793344	0.13835072031793344	0.13835072031793344	0.13835072031793344	0.13835072031793344	0.13835072031793344
Mockito	28	316.0	316.0	316.0	316.0	316.0	316.0	316.0	316.0	316.0	0.09346347234545992	0.09346347234545992	0.09346347234545992	0.09346347234545992	0.09346347234545992	0.09346347234545992	0.09346347234545992	0.09346347234545992	0.09346347234545992
Mockito	29	1129.5	1129.5	1129.5	1129.5	1129.5	1129.5	1129.5	1129.5	1129.5	0.2670212765957447	0.2670212765957447	0.2670212765957447	0.2670212765957447	0.2670212765957447	0.2670212765957447	0.2670212765957447	0.2670212765957447	0.2670212765957447
Mockito	3	3.0	13.0	3.0	9.0	38.0	4.0	9.0	38.0	5.0	0.00034778576396939483	0.0015070716438673776	0.00034778576396939483	0.0010433572919081847	0.004405286343612335	0.0004637143519591931	0.0010433572919081847	0.004405286343612335	0.0005796429399489915
Mockito	30	6.0	6.0	6.0	1196.5	1196.5	1196.5	1196.5	1196.5	1196.5	0.002835538752362949	0.002835538752362949	0.002835538752362949	0.5654536862003781	0.5654536862003781	0.5654536862003781	0.5654536862003781	0.5654536862003781	0.5654536862003781
Mockito	31	1.0	1.0	1.0	1.0	1.0	1.0	1.0	1.0	1.0	0.0004791566842357451	0.0004791566842357451	0.0004791566842357451	0.0004791566842357451	0.0004791566842357451	0.0004791566842357451	0.0004791566842357451	0.0004791566842357451	0.0004791566842357451
Mockito	32	348.5	348.5	348.5	348.5	348.5	348.5	348.5	348.5	348.5	0.08514537014414855	0.08514537014414855	0.08514537014414855	0.08514537014414855	0.08514537014414855	0.08514537014414855	0.08514537014414855	0.08514537014414855	0.08514537014414855
Mockito	33	126.0	144.0	84.0	126.0	144.0	84.0	126.0	144.0	84.0	0.03165829145728643	0.036180904522613064	0.021105527638190954	0.03165829145728643	0.036180904522613064	0.021105527638190954	0.03165829145728643	0.036180904522613064	0.021105527638190954
Mockito	34	73.0	112.0	42.0	73.0	112.0	42.0	73.0	112.0	42.0	0.013518518518518518	0.02074074074074074	0.0077777777777777776	0.013518518518518518	0.02074074074074074	0.0077777777777777776	0.013518518518518518	0.02074074074074074	0.0077777777777777776
Mockito	35	9.0	6.0	9.0	10.0	10.0	10.0	60.0	57.0	65.0	0.0025174825174825175	0.0016783216783216783	0.0025174825174825175	0.002797202797202797	0.002797202797202797	0.002797202797202797	0.016783216783216783	0.015944055944055943	0.01818181818181818
Mockito	36	1276.5	1276.5	1276.5	2845.5	2845.5	2845.5	2845.5	2845.5	2845.5	0.24671434093544647	0.24671434093544647	0.24671434093544647	0.5499613451874759	0.5499613451874759	0.5499613451874759	0.5499613451874759	0.5499613451874759	0.5499613451874759
Mockito	37	11.0	12.0	10.0	11.0	12.0	10.0	11.0	12.0	10.0	0.003414028553693358	0.0037243947858473	0.0031036623215394167	0.003414028553693358	0.0037243947858473	0.0031036623215394167	0.003414028553693358	0.0037243947858473	0.0031036623215394167
Mockito	38	976.5	976.5	976.5	976.5	976.5	976.5	976.5	976.5	976.5	0.2776514074495309	0.2776514074495309	0.2776514074495309	0.2776514074495309	0.2776514074495309	0.2776514074495309	0.2776514074495309	0.2776514074495309	0.2776514074495309
Mockito	4	1461.0	1461.0	1461.0	3306.5	3306.5	3306.5	3306.5	3306.5	3306.5	0.24737555028784286	0.24737555028784286	0.24737555028784286	0.5598543853708093	0.5598543853708093	0.5598543853708093	0.5598543853708093	0.5598543853708093	0.5598543853708093
Mockito	5	2197.5	2197.5	2197.5	2197.5	2197.5	2197.5	2197.5	2197.5	2197.5	0.21062973257931564	0.21062973257931564	0.21062973257931564	0.21062973257931564	0.21062973257931564	0.21062973257931564	0.21062973257931564	0.21062973257931564	0.21062973257931564
Mockito	6	2.0	1.0	2.0	44.0	33.0	54.0	1690.0	1690.0	1690.0	0.0003038128512836093	0.00015190642564180464	0.0003038128512836093	0.006683882728239405	0.005012912046179554	0.00820294698465745	0.25672185933464986	0.25672185933464986	0.25672185933464986
Mockito	7	37.0	37.0	37.0	37.0	37.0	37.0	37.0	37.0	37.0	0.007247796278158668	0.007247796278158668	0.007247796278158668	0.007247796278158668	0.007247796278158668	0.007247796278158668	0.007247796278158668	0.007247796278158668	0.007247796278158668
Mockito	8	210.0	210.0	210.0	210.0	210.0	210.0	210.0	210.0	210.0	0.5833333333333334	0.5833333333333334	0.5833333333333334	0.5833333333333334	0.5833333333333334	0.5833333333333334	0.5833333333333334	0.5833333333333334	0.5833333333333334
Mockito	9	1446.0	1446.0	1446.0	3328.5	3328.5	3328.5	3328.5	3328.5	3328.5	0.23964202850513755	0.23964202850513755	0.23964202850513755	0.5516241299303944	0.5516241299303944	0.5516241299303944	0.5516241299303944	0.5516241299303944	0.5516241299303944
Time	1	4.0	4.0	4.0	24.0	24.0	24.0	4598.5	4598.5	4598.5	0.0004881025015253203	0.0004881025015253203	0.0004881025015253203	0.0029286150091519217	0.0029286150091519217	0.0029286150091519217	0.5611348383160464	0.5611348383160464	0.5611348383160464
Time	10	861.5	861.5	861.5	861.5	861.5	861.5	861.5	861.5	861.5	0.05833164059855102	0.05833164059855102	0.05833164059855102	0.05833164059855102	0.05833164059855102	0.05833164059855102	0.05833164059855102	0.05833164059855102	0.05833164059855102
Time	11	663.5	663.5	663.5	663.5	663.5	663.5	663.5	663.5	663.5	0.06836682122617208	0.06836682122617208	0.06836682122617208	0.06836682122617208	0.06836682122617208	0.06836682122617208	0.06836682122617208	0.06836682122617208	0.06836682122617208
Time	12	1.0	1.0	1.0	33.0	29.0	35.0	45.0	39.0	47.0	8.383635144198524e-05	8.383635144198524e-05	8.383635144198524e-05	0.002766599597585513	0.002431254191817572	0.0029342723004694834	0.003772635814889336	0.0032696177062374247	0.003940308517773307
Time	13	13.0	13.0	13.0	734.5	734.5	734.5	734.5	734.5	734.5	0.0012397482357428952	0.0012397482357428952	0.0012397482357428952	0.07004577531947358	0.07004577531947358	0.07004577531947358	0.07004577531947358	0.07004577531947358	0.07004577531947358
Time	14	8.0	10.0	8.0	8.0	10.0	8.0	8.0	10.0	8.0	0.0005476826179229136	0.0006846032724036421	0.0005476826179229136	0.0005476826179229136	0.0006846032724036421	0.0005476826179229136	0.0005476826179229136	0.0006846032724036421	0.0005476826179229136
Time	15	1.0	1.0	1.0	1.0	1.0	1.0	1.0	1.0	1.0	0.0032679738562091504	0.0032679738562091504	0.0032679738562091504	0.0032679738562091504	0.0032679738562091504	0.0032679738562091504	0.0032679738562091504	0.0032679738562091504	0.0032679738562091504
Time	16	1.0	1.0	1.0	1.0	1.0	1.0	1.0	1.0	1.0	6.82640453273261e-05	6.82640453273261e-05	6.82640453273261e-05	6.82640453273261e-05	6.82640453273261e-05	6.82640453273261e-05	6.82640453273261e-05	6.82640453273261e-05	6.82640453273261e-05
Time	17	1.0	1.0	1.0	5.0	5.0	5.0	12.0	12.0	12.0	0.00011713716762328687	0.00011713716762328687	0.00011713716762328687	0.0005856858381164344	0.0005856858381164344	0.0005856858381164344	0.0014056460114794424	0.0014056460114794424	0.0014056460114794424
Time	18	11.0	11.0	11.0	11.0	11.0	11.0	11.0	11.0	11.0	0.0011708355508249068	0.0011708355508249068	0.0011708355508249068	0.0011708355508249068	0.0011708355508249068	0.0011708355508249068	0.0011708355508249068	0.0011708355508249068	0.0011708355508249068
Time	19	785.5	785.5	785.5	785.5	785.5	785.5	785.5	785.5	785.5	0.06626455204994094	0.06626455204994094	0.06626455204994094	0.06626455204994094	0.06626455204994094	0.06626455204994094	0.06626455204994094	0.06626455204994094	0.06626455204994094
Time	2	6.0	6.0	6.0	23.0	23.0	23.0	3709.5	3709.5	3709.5	0.0004967298617435218	0.0004967298617435218	0.0004967298617435218	0.0019041311366835003	0.0019041311366835003	0.0019041311366835003	0.30710323702293235	0.30710323702293235	0.30710323702293235
Time	20	5.0	5.0	5.0	6.0	6.0	6.0	11.0	11.0	11.0	0.0004301815366084488	0.0004301815366084488	0.0004301815366084488	0.0005162178439301385	0.0005162178439301385	0.0005162178439301385	0.0009463993805385873	0.0009463993805385873	0.0009463993805385873
Time	21	2.0	2.0	2.0	27.0	28.0	24.0	4279.0	4279.0	4279.0	0.00026542800265428	0.00026542800265428	0.00026542800265428	0.0035832780358327804	0.0037159920371599205	0.0031851360318513604	0.5678832116788322	0.5678832116788322	0.5678832116788322
Time	22	10.0	10.0	11.0	45.0	62.0	31.0	45.0	62.0	31.0	0.0010458063166701526	0.0010458063166701526	0.001150386948337168	0.004706128425015687	0.006483999163354947	0.0032419995816774733	0.004706128425015687	0.006483999163354947	0.0032419995816774733
Time	23	1.0	1.0	1.0	20.0	20.0	20.0	154.5	154.5	154.5	0.00032776138970829236	0.00032776138970829236	0.00032776138970829236	0.006555227794165847	0.006555227794165847	0.006555227794165847	0.05063913470993117	0.05063913470993117	0.05063913470993117
Time	24	1110.0	1110.0	1110.0	1110.0	1110.0	1110.0	1110.0	1110.0	1110.0	0.07080887981627966	0.07080887981627966	0.07080887981627966	0.07080887981627966	0.07080887981627966	0.07080887981627966	0.07080887981627966	0.07080887981627966	0.07080887981627966
Time	25	96.0	67.0	109.0	96.0	67.0	109.0	96.0	67.0	109.0	0.008216364258815475	0.005734337555631633	0.009328996918863403	0.008216364258815475	0.005734337555631633	0.009328996918863403	0.008216364258815475	0.005734337555631633	0.009328996918863403
Time	26	73.0	105.0	80.0	7912.0	7912.0	7912.0	7912.0	7912.0	7912.0	0.005289855072463768	0.007608695652173913	0.005797101449275362	0.5733333333333334	0.5733333333333334	0.5733333333333334	0.5733333333333334	0.5733333333333334	0.5733333333333334
Time	27	759.0	759.0	759.0	759.0	759.0	759.0	759.0	759.0	759.0	0.062259043556722175	0.062259043556722175	0.062259043556722175	0.062259043556722175	0.062259043556722175	0.062259043556722175	0.062259043556722175	0.062259043556722175	0.062259043556722175
Time	3	1.0	1.0	1.0	1803.0	1803.0	1803.0	3862.5	3862.5	3862.5	8.215576733486691e-05	8.215576733486691e-05	8.215576733486691e-05	0.14812684850476504	0.14812684850476504	0.14812684850476504	0.3173266513309234	0.3173266513309234	0.3173266513309234
Time	4	16.0	16.0	16.0	16.0	16.0	16.0	16.0	16.0	16.0	0.0010291374541712228	0.0010291374541712228	0.0010291374541712228	0.0010291374541712228	0.0010291374541712228	0.0010291374541712228	0.0010291374541712228	0.0010291374541712228	0.0010291374541712228
Time	5	2.0	2.0	2.0	38.0	37.0	42.0	2789.5	2789.5	2789.5	0.0002219509488403063	0.0002219509488403063	0.0002219509488403063	0.00421706802796582	0.004106092553545666	0.004660969925646432	0.3095660858950172	0.3095660858950172	0.3095660858950172
Time	6	5.0	8.0	5.0	713.0	713.0	713.0	6045.5	6045.5	6045.5	0.0004627059041273367	0.0007403294466037387	0.0004627059041273367	0.0659818619285582	0.0659818619285582	0.0659818619285582	0.5594577086803627	0.5594577086803627	0.5594577086803627
Time	7	48.0	47.0	49.0	48.0	47.0	49.0	48.0	47.0	49.0	0.0032456555548042464	0.0031780377307458244	0.003313273378862668	0.0032456555548042464	0.0031780377307458244	0.003313273378862668	0.0032456555548042464	0.0031780377307458244	0.003313273378862668
Time	8	10.0	10.0	10.0	269.0	269.0	269.0	2015.5	2015.5	2015.5	0.0014945449110745778	0.0014945449110745778	0.0014945449110745778	0.04020325810790614	0.04020325810790614	0.04020325810790614	0.30122552682708115	0.30122552682708115	0.30122552682708115
Time	9	5.0	5.0	5.0	16.0	16.0	16.0	31.0	31.0	31.0	0.0007479431563201197	0.0007479431563201197	0.0007479431563201197	0.002393418100224383	0.002393418100224383	0.002393418100224383	0.004637247569184742	0.004637247569184742	0.004637247569184742
